113.003197 5.503169029 5.480484453 0.4991588149 400 0.0025
28.98134819 6.211184864 6.004849913 1.587638163 133.3333333 0.0075
14.26148371 6.666271338 6.061058337 2.775382026 80 0.0125
8.296131152 6.285915858 5.134493636 3.626253339 57.14285714 0.0175
5.249091039 5.744249501 3.917561304 4.201085068 44.44444444 0.0225
3.67437376 6.182014268 3.220342623 5.276996665 36.36363636 0.0275
3.143838768 7.418748943 2.838479285 6.85425935 30.76923077 0.0325
3.565396886 7.789013586 2.4775278 7.384482963 26.66666667 0.0375
4.452530813 6.263924042 2.240986012 5.849335526 23.52941176 0.0425
5.180683057 3.977058371 1.923253705 3.48110449 21.05263158 0.0475
5.884557722 2.853428153 1.831701352 2.18790365 19.04761905 0.0525
6.633787634 2.782630823 2.071673378 1.857741563 17.39130435 0.0575
7.437663582 2.110119609 1.633533272 1.335729694 16 0.0625
-6.690970596 0.7435129087 0.5416406739 0.5093494143 14.81481481 0.0675
-5.233166213 0.3883604073 0.2349157238 0.3092546017 13.79310345 0.0725
-4.117161758 2.389910505 1.047018991 2.148353662 12.90322581 0.0775
-3.210692956 5.300885469 1.580315459 5.059840887 12.12121212 0.0825
-2.649669002 6.17869596 1.589377626 5.970775706 11.42857143 0.0875
-2.598525859 4.341013534 1.33485165 4.130686332 10.81081081 0.0925
-2.860350721 2.177660216 0.9295268752 1.96931049 10.25641026 0.0975
-3.201019188 2.164710986 1.218941288 1.788897926 9.756097561 0.1025
-3.539945168 3.620186267 2.410566844 2.700910235 9.302325581 0.1075
-3.895693582 4.160366435 3.005281828 2.876965416 8.888888889 0.1125
4.254888089 3.079109302 2.245257522 2.107067335 8.510638298 0.1175
3.582929208 1.8738816 1.280182842 1.368416655 8.163265306 0.1225
3.008934568 2.257349902 1.330119983 1.823844679 7.843137255 0.1275
2.485927786 4.192342525 2.002722954 3.683047192 7.547169811 0.1325
1.980058082 6.129649232 2.424658837 5.629709516 7.272727273 0.1375
1.42852193 6.716558031 2.42852343 6.262142264 7.01754386 0.1425
0.9176352682 5.7920982 2.248125095 5.338008535 6.779661017 0.1475
0.5490209698 4.221553641 1.928535958 3.755298151 6.557377049 0.1525
0.3191137639 3.082000865 1.611275162 2.627265057 6.349206349 0.1575
0.1854630882 2.837653859 1.557473429 2.372036244 6.153846154 0.1625
0.1423868086 3.195305032 1.672535805 2.722608718 5.970149254 0.1675
0.2179778072 3.599149478 1.638301206 3.204660063 5.797101449 0.1725
0.4509636456 3.615302545 1.3842647 3.339793966 5.633802817 0.1775
0.781442476 3.00749723 1.1130167 2.793963746 5.479452055 0.1825
0.9759263533 1.941171228 0.8281642439 1.755645102 5.333333333 0.1875
0.9618098792 1.218628011 0.5967770444 1.062502419 5.194805195 0.1925
0.8255943307 1.696592419 0.8860248796 1.446853742 5.063291139 0.1975
0.6585700021 3.063093442 1.634783479 2.590371482 4.938271605 0.2025
0.5341065995 3.933325717 2.20120361 3.259716838 4.819277108 0.2075
0.5302855152 3.451462336 2.098395462 2.740315445 4.705882353 0.2125
0.6709703521 2.066286328 1.315000635 1.593835788 4.597701149 0.2175
0.8807636592 0.5491401189 0.3242849889 0.4431637577 4.494382022 0.2225
1.056104295 0.3235397411 0.1485191104 0.2874370155 4.395604396 0.2275
1.118553375 0.1042576802 0.02692242136 0.1007216317 4.301075269 0.2325
0.373582623 0.109892017 0.009775704098 0.1094563429 4.210526316 0.2375
-0.19719517 2.479728795 0.6539882129 2.391935266 4.12371134 0.2425
-0.1232768861 4.638774457 1.937439664 4.214802013 4.04040404 0.2475
-0.02556875903 4.978695319 2.385786943 4.369831547 3.96039604 0.2525
0.03768020332 3.563852866 1.69083928 3.137213697 3.883495146 0.2575
0.06344902971 2.409948217 1.064926833 2.161892978 3.80952381 0.2625
0.05641207863 2.951887494 1.284059148 2.657975147 3.738317757 0.2675
0.03066914388 4.033579434 2.019125335 3.491832747 3.669724771 0.2725
0.02318693234 3.722418527 2.40030748 2.845157937 3.603603604 0.2775
0.07584792615 1.861540113 1.527537457 1.063936515 3.539823009 0.2825
1.044078303 0.05363774315 0.05163871666 0.01450690979 3.418803419 0.2925
1.367154426 0.6170506882 0.5198248488 0.332466056 3.361344538 0.2975
1.463026133 1.633286339 0.9775047458 1.308475731 3.305785124 0.3025
1.496297958 1.864427135 0.5088756761 1.793637111 3.25203252 0.3075
0.08162461177 1.302274799 0.07831869395 1.299917626 3.2 0.3125
0.02302148845 0.3297931082 0.1068152751 0.3120160112 3.149606299 0.3175
0.06864405202 0.7812734068 0.50524931 0.5959121335 3.053435115 0.3275
0.06866162434 2.197075169 1.613599441 1.491119091 3.007518797 0.3325
0.03734243649 2.807676455 2.211831322 1.729407204 2.962962963 0.3375
-0.0293842063 2.132257498 1.724814785 1.253609188 2.919708029 0.3425
-0.1104396231 1.12134344 0.8863986406 0.6868104247 2.877697842 0.3475
-0.1688581661 1.11559361 0.80942963 0.7677061783 2.836879433 0.3525
-0.1795223571 2.204384576 1.388240816 1.712337233 2.797202797 0.3575
-0.150293414 3.211582126 1.723129923 2.710181363 2.75862069 0.3625
-0.1076554354 3.151831483 1.482200661 2.781568424 2.721088435 0.3675
-0.07433988388 2.144368964 0.9269343559 1.933678089 2.684563758 0.3725
-0.05813126921 1.096999914 0.4547382395 0.9983095434 2.649006623 0.3775
-0.03949868241 0.7331955801 0.295429945 0.6710416577 2.614379085 0.3825
0.003326741466 0.9399229168 0.37363428 0.8624688483 2.580645161 0.3875
0.08987609515 1.06890049 0.4377227715 0.9751651309 2.547770701 0.3925
0.2113145083 0.7317580182 0.3332812841 0.6514548203 2.51572327 0.3975
0.3378808309 0.1837428528 0.09872111983 0.1549695985 2.48447205 0.4025
0.4543371436 0.01477749835 0.009323664116 0.01146489184 2.45398773 0.4075
0.5620553032 0.4355412586 0.3054802409 0.31044808 2.424242424 0.4125
0.6586227845 1.131055235 0.8246849614 0.7740676068 2.395209581 0.4175
0.725396342 1.757813575 1.261716572 1.223919874 2.366863905 0.4225
0.7537405481 2.169736562 1.489132282 1.578049998 2.339181287 0.4275
0.7596345099 2.241870786 1.484974465 1.679534299 2.312138728 0.4325
0.7728942844 1.862031221 1.225233093 1.402128431 2.285714286 0.4375
0.8174389707 1.259648003 0.8289324156 0.948464096 2.259887006 0.4425
0.8891551315 0.9941524175 0.6259565578 0.7723454 2.234636872 0.4475
0.9655476585 1.292788963 0.6974471153 1.088517719 2.209944751 0.4525
1.022100572 1.669866452 0.6121942146 1.553599759 2.18579235 0.4575
1.071816844 1.560108325 0.1716004692 1.55064221 2.162162162 0.4625
-0.07714902143 1.101251299 0.2248122343 1.078060241 2.139037433 0.4675
-0.09841655221 0.8883058037 0.4600028928 0.7599240353 2.116402116 0.4725
-0.1736566838 0.9807110116 0.7515089365 0.6301019017 2.094240838 0.4775
-0.3302462956 0.8046390101 0.7348166621 0.3278542508 2.07253886 0.4825
-0.6406396808 0.1793486716 0.172972764 0.04739587455 2.051282051 0.4875
0.8599141251 0.06042167155 0.05889056366 0.01351591305 2.010050251 0.4975
0.8366759663 0.7260085518 0.7234291588 0.0611446599 1.990049751 0.5025
-0.5657726485 0.8074049841 0.7936679705 0.1483036106 1.97044335 0.5075
-0.5857916906 0.04483041915 0.03990511171 0.02042911012 1.951219512 0.5125
-0.5866563258 1.025271059 0.2376479024 0.9973485945 1.895734597 0.5275
-0.2724968259 2.217391409 0.3216049969 2.193945051 1.877934272 0.5325
-0.09418277216 2.492103672 0.6160255675 2.414765664 1.860465116 0.5375
-0.05203293571 1.845151184 0.6371707594 1.731645551 1.843317972 0.5425
-0.01979632619 1.019273523 0.4273316553 0.9253681268 1.826484018 0.5475
0.02017389152 0.8250259951 0.3954251982 0.7240903295 1.809954751 0.5525
0.0613471737 1.399679993 0.7398698442 1.188148432 1.793721973 0.5575
0.0961530333 2.090218873 1.180476254 1.724961087 1.777777778 0.5625
0.1193077111 2.133147588 1.237443771 1.737541812 1.762114537 0.5675
0.1291274503 1.455318663 0.8342380522 1.192476114 1.746724891 0.5725
0.1300260575 0.772598887 0.426098551 0.6444758064 1.731601732 0.5775
0.1352468304 0.7846668737 0.4142873976 0.6663843146 1.716738197 0.5825
0.1608109983 1.334212234 0.6919611499 1.140750653 1.70212766 0.5875
0.2151029965 1.671557792 0.9232952492 1.393424319 1.687763713 0.5925
0.2807047198 1.426846848 0.9288702001 1.083093754 1.673640167 0.5975
0.3407673234 0.901166139 0.7096586731 0.5554142397 1.659751037 0.6025
0.411847789 0.4730707098 0.4275734099 0.2024274579 1.646090535 0.6075
0.5670991614 0.2280575215 0.2196794919 0.06124666482 1.632653061 0.6125
0.7990029323 0.2334174158 0.2225792569 0.0703005293 1.619433198 0.6175
-0.713236269 0.6275734256 0.5562251748 0.2906233979 1.606425703 0.6225
-0.6776175088 1.258741603 1.0025789 0.7610952455 1.593625498 0.6275
-0.6588109162 1.546867088 1.127292399 1.059249561 1.581027668 0.6325
-0.6364103472 1.162433474 0.8239497877 0.8199745905 1.568627451 0.6375
-0.608463616 0.5964306982 0.4379564789 0.4048749194 1.556420233 0.6425
-0.5861146454 0.5462421397 0.428822514 0.3383662611 1.544401544 0.6475
-0.5840850252 0.8978201475 0.7462328452 0.4992169448 1.53256705 0.6525
-0.6056760897 0.9907172958 0.8441529201 0.5185813413 1.520912548 0.6575
-0.634346304 0.7336619712 0.6176467978 0.395944846 1.509433962 0.6625
-0.6502786917 0.67256002 0.5463907323 0.3921659702 1.498127341 0.6675
-0.65295776 0.9374575037 0.7430510869 0.5715782129 1.486988848 0.6725
-0.6531338384 0.9334967269 0.7554769533 0.5483344893 1.47601476 0.6775
-0.6601989716 0.3843137356 0.3330381153 0.1917880631 1.465201465 0.6825
0.6501210711 0.2189463897 0.2166494678 0.03163115036 1.444043321 0.6925
0.2603459969 0.7882223429 0.7750502257 0.1434977683 1.433691756 0.6975
0.1921027254 0.787917502 0.7211985097 0.3173116758 1.423487544 0.7025
0.1930284329 0.2078968335 0.1658200728 0.1253985519 1.413427562 0.7075
0.268955258 0.1992101934 0.1098728635 0.16617056 1.393728223 0.7175
0.3213257696 0.7635921714 0.3991411247 0.6509680229 1.384083045 0.7225
0.3479178811 0.9035279244 0.5005623227 0.7521968302 1.374570447 0.7275
0.3422858846 0.5897024816 0.3526854622 0.472611872 1.365187713 0.7325
0.3155308446 0.2555733141 0.1586072354 0.2004032528 1.355932203 0.7375
0.2813228724 0.2014000047 0.1225497055 0.1598234387 1.346801347 0.7425
0.2478804631 0.3632521817 0.2072061093 0.2983584687 1.337792642 0.7475
0.2195108843 0.5350422048 0.2839015607 0.453508616 1.328903654 0.7525
0.2024876329 0.62009858 0.3181224739 0.5322784426 1.320132013 0.7575
0.2064599423 0.6505996611 0.3431706702 0.5527330369 1.31147541 0.7625
0.2343555881 0.6378287452 0.3626806932 0.524679162 1.302931596 0.7675
0.277569135 0.4829800461 0.3046365597 0.3747883288 1.294498382 0.7725
0.3215287525 0.1150096686 0.08192355797 0.08072022371 1.286173633 0.7775
0.3479185633 0.005120769107 0.004074553679 0.003101659002 1.277955272 0.7825
0.3389501233 0.07920278872 0.0682095424 0.04025593206 1.26984127 0.7875
0.2898306706 0.08322046922 0.07301401177 0.03993245023 1.261829653 0.7925
0.2448658233 0.409368862 0.3362981419 0.2334232742 1.253918495 0.7975
0.2479739894 0.5178945991 0.356744453 0.3754307007 1.246105919 0.8025
0.3111593714 0.5020483611 0.2611974608 0.4287521935 1.238390093 0.8075
0.4474622419 0.5043993738 0.2236606196 0.4521002716 1.230769231 0.8125
0.584987297 0.4073464325 0.2256238254 0.3391533657 1.22324159 0.8175
-0.5322454153 0.1486168181 0.1086704697 0.1013789308 1.215805471 0.8225
-0.2604739632 0.09569733195 0.08604866384 0.04187608856 1.201201201 0.8325
-0.1272214075 0.241880036 0.2042643979 0.129545388 1.194029851 0.8375
-0.04850038621 0.1841347507 0.1316075596 0.1287829829 1.18694362 0.8425
-0.00779593866 0.1205067426 0.06325385826 0.1025710702 1.179941003 0.8475
-0.02246204934 0.2607340349 0.0788025816 0.2485405201 1.173020528 0.8525
-0.2001152682 0.3448610929 0.07305188581 0.3370350061 1.166180758 0.8575
-0.3038782056 0.1184240813 0.05010731772 0.1073010705 1.15942029 0.8625
-0.2663779867 0.1481756367 0.1278778832 0.0748549685 1.146131805 0.8725
-0.1644702065 0.2618040058 0.246755493 0.08748179313 1.13960114 0.8775
-0.04505671674 0.0129540495 0.01197953184 0.004929321995 1.133144476 0.8825
-0.1218788351 0.2787767974 0.2133283374 0.1794645459 1.108033241 0.9025
-0.1220014219 0.0402175948 0.03054253737 0.02616502135 1.101928375 0.9075
-0.1158398854 0.008890542115 0.006263100446 0.006309937551 1.095890411 0.9125
-0.1206889972 0.009124179714 0.0055413587 0.007248723971 1.089918256 0.9175
-0.1401089718 0.2678293871 0.1353501041 0.2311123751 1.08401084 0.9225
-0.1678599919 0.2292801693 0.09926723991 0.2066770697 1.078167116 0.9275
-0.3399216499 0.117597395 0.04355190709 0.1092354279 1.055408971 0.9475
-0.4058282723 0.1277929168 0.04662291324 0.1189845937 1.049868766 0.9525
-0.4661230997 0.1109522275 0.04198541781 0.1027016138 1.044386423 0.9575
-0.5040839626 0.03504768407 0.01368862609 0.03226393768 1.038961039 0.9625
-0.401041663 0.1193134089 0.03903194963 0.1127483767 1.023017903 0.9775
-0.3335647708 0.01819052852 0.007275531743 0.01667219139 1.017811705 0.9825
0.2770632551 0.009669849801 0.004501235359 0.008558321998 0.9546539379 1.0475
0.2568890364 0.12415017 0.02886924897 0.1207469718 0.9501187648 1.0525
-0.196679839 0.04788918142 0.03983161222 0.02658601823 0.9324009324 1.0725
-0.2121683883 0.0100328418 0.008995994135 0.004441846932 0.9280742459 1.0775
-0.209513497 0.1014390835 0.08759487731 0.0511568679 0.9195402299 1.0875
-0.2147152325 0.09684987542 0.07316492993 0.06345700432 0.9153318078 1.0925
0.2331337546 0.004212649547 0.0008719429794 0.004121423497 0.8988764045 1.1125
0.2612847959 0.3076529156 0.1118093943 0.2866164263 0.8948545861 1.1175
0.3592607087 0.4683918065 0.2353811794 0.404952571 0.8791208791 1.1375
0.1202879549 0.09845758507 0.0626375945 0.07596333203 0.8639308855 1.1575
0.0489896864 0.1121842221 0.07327302448 0.08494918235 0.8602150538 1.1625
-0.144833741 0.1164177486 0.07262007549 0.09099130086 0.8492569002 1.1775
-0.1911730199 0.5063396968 0.3533771612 0.3626354512 0.8456659619 1.1825
-0.2213522395 0.3150895681 0.2588043674 0.1797268353 0.8421052632 1.1875
0.1766988643 0.2344036649 0.2265003877 0.06035439091 0.8316008316 1.2025
0.1745194216 0.2566209379 0.2187602142 0.1341576478 0.8281573499 1.2075
0.1735778222 0.05971262418 0.04082303272 0.04357840619 0.824742268 1.2125
0.1655347616 0.06870929209 0.03464289095 0.05933664067 0.8213552361 1.2175
0.1412283902 0.4435538236 0.162003742 0.4129101379 0.81799591 1.2225
0.106478263 0.7694956048 0.2355859674 0.7325453828 0.8146639511 1.2275
0.08809053876 0.6259308425 0.1888793039 0.5967529037 0.8113590264 1.2325
0.09464686194 0.1977032813 0.05887456363 0.1887336038 0.8080808081 1.2375
0.1242406371 0.04694712776 0.01315409137 0.04506664715 0.8048289738 1.2425
0.1769187067 0.3223957489 0.08693437058 0.3104535942 0.8016032064 1.2475
0.2423550486 0.5501261642 0.1624677401 0.5255882704 0.7984031936 1.2525
0.3015171835 0.3539212873 0.1275582484 0.3301350797 0.7952286282 1.2575
0.3492893031 0.02412582231 0.01058601943 0.02167928723 0.7920792079 1.2625
0.3874994343 0.06464699988 0.03271335041 0.05575904678 0.7889546351 1.2675
-0.3707848705 0.3807110366 0.2074589966 0.3192203911 0.7858546169 1.2725
-0.3542947185 0.4229226598 0.2297063312 0.3551036153 0.782778865 1.2775
-0.3517744097 0.08827978796 0.04317013329 0.07700428919 0.7797270955 1.2825
0.3634147431 0.2650724423 0.05623154567 0.2590394042 0.7736943907 1.2925
0.2138076247 0.6579915581 0.1309328688 0.6448329043 0.7707129094 1.2975
0.1669282573 0.5356456067 0.2179080389 0.4893182018 0.7677543186 1.3025
0.1852435534 0.0620435416 0.03831440115 0.04879966925 0.7648183556 1.3075
0.2383492348 0.0001085801349 8.051028389e-05 7.285423729e-05 0.7619047619 1.3125
0.3111800315 0.02963052464 0.02186723025 0.01999480512 0.7590132827 1.3175
0.3745430374 0.2577620325 0.156309682 0.204959871 0.7561436673 1.3225
-0.3282470904 0.03267063375 0.0123559149 0.03024403539 0.7532956685 1.3275
0.07550561136 0.007328116844 0.001250443568 0.007220643141 0.7476635514 1.3375
0.1293934346 0.4753003705 0.1801079273 0.4398540403 0.7448789572 1.3425
0.168130263 0.775239185 0.4081183342 0.6591169997 0.7421150278 1.3475
0.1997311623 0.6473092707 0.3973062702 0.511035243 0.7393715342 1.3525
0.2215559499 0.301962447 0.1973466725 0.2285511108 0.7366482505 1.3575
0.2315618183 0.1560380809 0.1020661513 0.1180270454 0.7339449541 1.3625
0.230775383 0.3604307745 0.2237079398 0.2826041416 0.731261426 1.3675
0.2196844084 0.6152904648 0.3417439408 0.5116575369 0.7285974499 1.3725
0.1943873139 0.5172530114 0.2406209784 0.457877956 0.7259528131 1.3775
0.1427256816 0.08497808836 0.03257797156 0.07848535704 0.7233273056 1.3825
-0.003368412999 0.02890556431 0.01525187749 0.02455426401 0.7181328546 1.3925
-0.05754256694 0.43209543 0.2971822789 0.3136704541 0.7155635063 1.3975
-0.1196011593 0.4488099347 0.3588725264 0.2695196974 0.7130124777 1.4025
-0.1975772023 0.04324190506 0.03583021145 0.02420864103 0.7104795737 1.4075
-0.3388979584 0.01969092893 0.01350830958 0.01432683685 0.7054673721 1.4175
0.301764763 0.4635303904 0.2840126551 0.3663294071 0.7029876977 1.4225
0.2390310342 0.5873458025 0.3479459371 0.473189937 0.700525394 1.4275
0.1836698637 0.3629831549 0.223404571 0.2860894413 0.6980802792 1.4325
0.1380013591 0.1916231591 0.125849221 0.1445040093 0.6956521739 1.4375
0.1007216306 0.315425073 0.2230301852 0.2230482306 0.6932409012 1.4425
0.07057810223 0.5444930041 0.4192482008 0.3474242042 0.6908462867 1.4475
0.04614075177 0.5731821765 0.4849230829 0.3055935392 0.6884681583 1.4525
0.02653546135 0.3617095221 0.333758139 0.1394248294 0.6861063465 1.4575
0.01379536475 0.1443948713 0.1413293424 0.02959553752 0.6837606838 1.4625
0.1074073761 0.1489377206 0.1488323065 0.005602604021 0.6814310051 1.4675
0.260512158 0.3499837213 0.3455439528 0.05556961265 0.6791171477 1.4725
0.2371459073 0.5180595477 0.498101666 0.1424093582 0.6768189509 1.4775
0.1983513171 0.5087600479 0.4801297365 0.168262362 0.6745362563 1.4825
0.1489182197 0.4200277703 0.3968541695 0.1375866854 0.6722689076 1.4875
0.08590673141 0.3988506621 0.3821569374 0.114183737 0.6700167504 1.4925
0.001180828657 0.3996410893 0.3858954169 0.1039121142 0.6677796327 1.4975
-0.08565600087 0.295872936 0.2797667102 0.09628801648 0.6655574043 1.5025
-0.1392362095 0.1551968244 0.1360649842 0.07464833813 0.6633499171 1.5075
-0.1635126566 0.1639093694 0.1228179146 0.1085451115 0.6611570248 1.5125
-0.163742204 0.2827302093 0.1640885054 0.2302419024 0.6589785832 1.5175
-0.1318500569 0.2769846214 0.1188074269 0.250210463 0.6568144499 1.5225
-0.06778120535 0.1440352655 0.05840330526 0.1316632509 0.6546644845 1.5275
-0.01576144376 0.1690973374 0.0881384634 0.1443105013 0.6525285481 1.5325
0.01681883232 0.4198919511 0.2742364067 0.3179679919 0.6504065041 1.5375
0.04165349202 0.5515807747 0.4047796876 0.3746928817 0.6482982172 1.5425
0.05795242279 0.3704218848 0.2811185028 0.2412151738 0.6462035541 1.5475
0.05970117201 0.2312939601 0.1745373716 0.1517682506 0.6441223833 1.5525
0.04730111651 0.4853307944 0.3664587105 0.3182043267 0.6420545746 1.5575
0.02767503843 0.8131250439 0.6298594649 0.5142464307 0.64 1.5625
0.005587928238 0.6478120084 0.5194814963 0.38703924 0.6379585327 1.5675
-0.01794861718 0.08864872672 0.07268637632 0.05074729004 0.6359300477 1.5725
-0.05650879153 0.09216412307 0.07241096436 0.05701646973 0.6319115324 1.5825
-0.06407962067 0.3280191126 0.2406754592 0.2228718501 0.6299212598 1.5875
-0.06105771106 0.06967780748 0.04689906792 0.05153129422 0.6279434851 1.5925
-0.02938781685 0.2421163063 0.1668421716 0.175453685 0.6220839813 1.6075
-0.03859817562 0.6531426237 0.4831402996 0.4395119313 0.6201550388 1.6125
-0.05783943749 0.581859164 0.4465402692 0.3730440655 0.6182380216 1.6175
-0.07913784302 0.2627085716 0.2011580568 0.1689710914 0.6163328197 1.6225
-0.09433057904 0.07376293008 0.05462857555 0.04956499357 0.6144393241 1.6275
-0.09839891808 0.1157437837 0.08116538967 0.08251547124 0.6125574273 1.6325
-0.08950046873 0.2870293474 0.19025408 0.2149168009 0.6106870229 1.6375
-0.06971741372 0.4709212685 0.3080672526 0.3561760927 0.6088280061 1.6425
-0.04660296376 0.531178708 0.3729421037 0.3782393517 0.6069802731 1.6475
-0.0288851024 0.3392597473 0.2707705904 0.2044026993 0.6051437216 1.6525
-0.01834359019 0.009188265653 0.008319478822 0.003900063826 0.6033182504 1.6575
-0.007040213978 0.001013694453 0.0009964623287 0.0001861162837 0.6015037594 1.6625
0.2540078874 0.005690589029 0.005208352526 0.002292567873 0.5979073244 1.6725
0.2438727397 0.1212818106 0.0906417359 0.0805813458 0.5961251863 1.6775
0.2237100729 0.08156447956 0.04204315608 0.0698937576 0.5943536404 1.6825
0.1757432689 0.01943277212 0.00542392739 0.01866048349 0.5925925926 1.6875
0.05822731035 0.08375612414 0.01918483436 0.08152932271 0.5908419498 1.6925
-0.002604266395 0.2713709213 0.1091338271 0.2484592215 0.58910162 1.6975
-0.02059439071 0.4093016768 0.2331058554 0.3364365063 0.5873715125 1.7025
-0.02365369456 0.334697305 0.2253719663 0.2474464848 0.5856515373 1.7075
-0.01869868402 0.08644343495 0.06060258427 0.06164247095 0.5839416058 1.7125
-0.01249541407 2.41470468e-05 1.57095389e-05 1.833821848e-05 0.5822416303 1.7175
-0.0113632967 0.05581056956 0.02887580003 0.04775989789 0.5805515239 1.7225
-0.02001702294 0.2628582205 0.08095685012 0.2500808519 0.5788712012 1.7275
-0.1029497584 0.1086668751 0.007295052385 0.1084217319 0.5772005772 1.7325
0.2218356941 0.3632033362 0.318417348 0.1747199357 0.5706134094 1.7525
0.1698103224 0.4404871645 0.4067670058 0.1690252793 0.5689900427 1.7575
0.07019942932 0.2931303386 0.1523594238 0.2504236438 0.5641748942 1.7725
0.09297717831 0.002422057931 0.0006496817413 0.002333297722 0.5625879044 1.7775
0.1298382426 0.08511192138 0.05081341373 0.06827910476 0.5532503458 1.8075
0.1655356363 0.2470961546 0.1332238319 0.2081055507 0.5517241379 1.8125
0.2259986747 0.04341804932 0.0165465078 0.0401415008 0.5457025921 1.8325
0.1716316415 0.2719443508 0.1057188399 0.2505539001 0.5442176871 1.8375
0.1236180139 0.105023435 0.05344280414 0.09040900725 0.5427408412 1.8425
0.05573810686 0.028494868 0.02132227426 0.01890286017 0.5398110661 1.8525
0.02436547373 0.1309698529 0.1055404249 0.07755205407 0.5383580081 1.8575
-0.005863421346 0.1635333992 0.1350538023 0.09221520002 0.5369127517 1.8625
-0.03375475822 0.09934142929 0.08100602697 0.05750428826 0.5354752343 1.8675
-0.05875512122 0.04801684311 0.03733613667 0.03019321316 0.5340453939 1.8725
-0.08174277961 0.1329519948 0.09481867809 0.09319684122 0.5326231691 1.8775
-0.1047149995 0.2322924748 0.1446976711 0.1817206037 0.5312084993 1.8825
-0.1309662631 0.03163760913 0.01594388277 0.02732637761 0.5298013245 1.8875
0.1071017019 0.06003247058 0.04258923065 0.04230904107 0.522875817 1.9125
0.0922147211 0.06134124235 0.05363516657 0.02976603635 0.5215123859 1.9175
0.1025159008 0.003011434166 0.002912474868 0.0007656538915 0.5201560468 1.9225
0.1905093488 0.04511623684 0.04428446308 0.008623291462 0.5188067445 1.9275
0.2282752672 0.07699679666 0.07121173676 0.0292813122 0.5174644243 1.9325
0.2312780758 0.04820349366 0.03903871028 0.02827641952 0.5161290323 1.9375
0.2312794051 0.01430016912 0.009384430681 0.01079014818 0.5148005148 1.9425
0.234541694 0.01369831271 0.006723999597 0.0119344711 0.513478819 1.9475
0.07169086721 0.1580860214 0.0607486186 0.1459479205 0.4767580453 2.0975
0.1040483926 0.1094361058 0.07025236369 0.08390987221 0.4722550177 2.1175
0.1674134838 0.1813032537 0.09550802516 0.1541073877 0.4645760743 2.1525
0.1677536686 0.1330582819 0.0778681183 0.1078937558 0.4634994206 2.1575
0.1617380325 0.09754917068 0.07147275908 0.06638889523 0.4602991945 2.1725
0.1539898648 0.135533472 0.09857775255 0.09301477702 0.4592422503 2.1775
0.1411321646 0.04548100535 0.03206606073 0.03225352068 0.4581901489 2.1825
0.1225837955 0.0451636375 0.03144032455 0.03242314211 0.4571428571 2.1875
0.1012843982 0.01893690944 0.01389090606 0.01287048048 0.4561003421 2.1925
-0.1616738635 0.124331678 0.1122374191 0.05348951226 0.4509582864 2.2175
-0.1121632728 0.1691261235 0.06965598017 0.1541158333 0.4429678848 2.2575
-0.07360965841 0.08383895783 0.03174099599 0.07759819601 0.4419889503 2.2625
-0.04299648447 0.1542277856 0.06246024316 0.141013928 0.441014333 2.2675
-0.02632659621 0.1872802128 0.07801605557 0.170256786 0.4400440044 2.2725
-0.02205184631 0.05220505956 0.01986335268 0.0482785197 0.4390779363 2.2775
-0.06072344133 0.1605814423 0.03869598898 0.1558493505 0.4371584699 2.2875
-0.1028656663 0.3409962069 0.08563971744 0.3300670415 0.4362050164 2.2925
-0.1285353345 0.2628839614 0.08982161354 0.2470628562 0.4352557127 2.2975
-0.1341926775 0.02155861736 0.009869514537 0.01916681156 0.434310532 2.3025
-0.126842181 0.0002952032187 0.0001654557904 0.0002444776508 0.4333694475 2.3075
-0.1101804085 0.05662264573 0.03536474205 0.04422057247 0.4324324324 2.3125
-0.08824993493 0.2237300142 0.1423669661 0.1725884301 0.4314994606 2.3175
-0.06678813108 0.2052381728 0.1207827389 0.1659344375 0.4305705059 2.3225
-0.05489194974 0.000273546375 9.867207755e-05 0.0002551302421 0.4287245445 2.3325
-0.08353596022 0.001188194712 0.000361357927 0.001131913037 0.4278074866 2.3375
-0.1104065001 0.1440427537 0.05803841282 0.1318326876 0.4268943436 2.3425
-0.114467104 0.365179776 0.2123530557 0.297089967 0.4259850905 2.3475
-0.1048333735 0.2689398927 0.2023083185 0.1772004801 0.4250797024 2.3525
0.01149356578 0.07683758794 0.07502875106 0.0165741194 0.4223864836 2.3675
0.07793212599 0.2931136643 0.284350105 0.07113816149 0.4214963119 2.3725
0.1233819057 0.2773651881 0.2610990415 0.09358813013 0.4206098843 2.3775
0.1538553529 0.1011373079 0.09052267842 0.04510432072 0.4197271773 2.3825
0.1768707213 0.002412414862 0.002024996002 0.001311158518 0.4188481675 2.3875
0.1953844965 0.05138731441 0.04066295463 0.03141942397 0.4179728318 2.3925
-0.206831797 0.1901825148 0.1448835884 0.1231995728 0.417101147 2.3975
-0.1948799049 0.3043110044 0.2278129747 0.2017583604 0.4162330905 2.4025
0.02995877447 0.602473706 0.3003179554 0.5222869826 0.4085801839 2.4475
0.03539650836 0.03285467724 0.01289345898 0.03021900945 0.4077471967 2.4525
0.05417720656 0.006624187733 0.001799873376 0.006374975996 0.4069175992 2.4575
0.09464221406 0.1520250238 0.03039391479 0.1489557579 0.4060913706 2.4625
0.1409177943 0.3612679257 0.07513188788 0.3533690897 0.4052684904 2.4675
0.1722190676 0.3413057216 0.08451341114 0.3306766985 0.4044489383 2.4725
0.1904598653 0.2844772121 0.07877543295 0.2733527307 0.4036326942 2.4775
0.1971529674 0.2318070672 0.06632169162 0.2221169728 0.4028197382 2.4825
0.1906449636 0.1717187527 0.04662177143 0.1652686917 0.4020100503 2.4875
0.1673516779 0.2162036571 0.05037787756 0.2102524454 0.4012036108 2.4925
0.120713236 0.2973184691 0.06078677493 0.2910382106 0.4004004004 2.4975
0.06387973197 0.0002952353953 7.669831561e-05 0.0002850987671 0.3996003996 2.5025
-0.08877930894 0.08114880196 0.06228910992 0.05201148762 0.3956478734 2.5275
-0.1057522917 0.3518213136 0.281647551 0.2108385488 0.3948667325 2.5325
-0.1126651761 0.003227180576 0.002685153091 0.001790152884 0.39408867 2.5375
-0.0983866975 1.006675225e-05 8.625364145e-06 5.190625601e-06 0.3925417076 2.5475
-0.08740892972 0.1160322497 0.09691086093 0.06381040667 0.3917727718 2.5525
-0.08137428686 0.3091003944 0.2477176537 0.1848756822 0.3910068426 2.5575
-0.08116471064 0.2478691904 0.1936308437 0.1547457008 0.3902439024 2.5625
-0.08472509049 0.0924535705 0.07370522296 0.05581400188 0.3894839338 2.5675
-0.08857068014 0.02637948679 0.02243594141 0.01387464798 0.3887269193 2.5725
-0.0898171398 0.09405406428 0.08653044589 0.0368598554 0.3879728419 2.5775
-0.08453741348 0.2084566736 0.2033178524 0.04600038759 0.3872216844 2.5825
-0.0280444188 0.2440632456 0.243535983 0.01603411443 0.38647343 2.5875
0.06343364934 0.1447949431 0.1426132396 0.02504075597 0.3857280617 2.5925
0.07142122539 0.00131445006 0.001241986559 0.000430404862 0.384985563 2.5975
0.07227995535 0.000418115503 0.0003726909451 0.0001895310879 0.3842459174 2.6025
0.07240904474 0.1438745173 0.1204922885 0.07862242146 0.3835091083 2.6075
0.07409934769 0.2868018305 0.2270526279 0.1752209867 0.3827751196 2.6125
0.0783387487 0.2241810057 0.1702803454 0.145814016 0.3820439351 2.6175
0.08501217524 0.03765228877 0.02781434896 0.02537827499 0.3813155386 2.6225
0.1003903529 0.1677943247 0.1157176813 0.1215086566 0.3798670465 2.6325
0.1047721905 0.3055707556 0.1954588411 0.2348815193 0.3791469194 2.6375
0.1044522563 0.195437288 0.1098011664 0.1616769539 0.3784295175 2.6425
0.0463366301 0.07196679567 0.0236355022 0.06797486826 0.3762935089 2.6575
0.01431031379 0.1798447195 0.07059360453 0.1654105986 0.3755868545 2.6625
-0.007712734914 0.1070807665 0.05451784716 0.09216341407 0.3748828491 2.6675
-0.04333873286 0.03164726953 0.02210128027 0.02265133725 0.3734827264 2.6775
-0.06095285541 0.1628722537 0.1186032348 0.1116272536 0.3727865797 2.6825
-0.07610498993 0.2232495833 0.1595530349 0.1561512264 0.3720930233 2.6875
-0.08653385435 0.1653664256 0.1098227183 0.1236326222 0.3714020427 2.6925
-0.09244881789 0.0907978343 0.05217166276 0.07431261211 0.3707136237 2.6975
-0.09680689017 0.08510961063 0.03718199763 0.07655811435 0.3700277521 2.7025
-0.1075827171 0.1222649489 0.03075936406 0.1183324945 0.3693444137 2.7075
-0.1787954826 0.1282152855 0.01572256969 0.1272476335 0.3686635945 2.7125
0.1378453939 0.07946090342 0.02491126694 0.0754550459 0.3679852806 2.7175
0.1350499186 0.02798107241 0.01528836574 0.02343515065 0.3673094582 2.7225
0.1428309351 0.0419416286 0.03063666369 0.02864428473 0.3666361137 2.7275
0.1584744498 0.1164925729 0.09823456544 0.06261381386 0.3659652333 2.7325
0.1795263567 0.1636238052 0.1460064604 0.0738570454 0.3652968037 2.7375
-0.1660349275 0.1254532459 0.1140073348 0.05235307563 0.3646308113 2.7425
-0.1490157525 0.06517148955 0.06029902262 0.02472551153 0.3639672429 2.7475
-0.1242850162 0.07574627487 0.07162857222 0.02463424034 0.3633060854 2.7525
-0.08492342245 0.1241074934 0.1169750163 0.04146704091 0.3626473255 2.7575
-0.05110903415 0.09996687506 0.08821740098 0.0470219765 0.3619909502 2.7625
-0.02991050442 0.01406442535 0.01053346988 0.009319553246 0.3613369467 2.7675
0.003754608992 0.05320739011 0.01613000711 0.0507035426 0.3600360036 2.7775
0.03610848263 0.06555124478 0.0032263996 0.06547179574 0.3593890386 2.7825
-0.1453911101 0.01027708173 0.001978334054 0.01008487002 0.3587443946 2.7875
-0.1202609968 0.02931104087 0.0116259709 0.02690676342 0.3581020591 2.7925
-0.09566862113 0.07045071999 0.03980191033 0.05813012885 0.3574620197 2.7975
-0.1476094538 0.1346335557 0.1329344752 0.02132181151 0.3536693192 2.8275
-0.1733769602 0.009376467916 0.009159088977 0.002007296613 0.3530450132 2.8325
0.138754696 0.02036082992 0.01871615981 0.008016779733 0.3518029903 2.8425
0.1325117001 0.1201057246 0.1040321463 0.06002247581 0.3511852502 2.8475
0.03589084173 0.06823630866 0.05004058283 0.0463910971 0.345721694 2.8925
0.03407795464 0.03744875682 0.03582660368 0.01090247019 0.3137254902 3.1875
0.02365233044 0.1314070046 0.1313717355 0.003044332688 0.3127443315 3.1975
-0.07591856855 0.01758688964 0.01752032901 0.001528646024 0.31225605 3.2025
-0.04812434799 0.03708554757 0.01989974713 0.03129437494 0.3088803089 3.2375
-0.05274369532 0.002112497422 0.001308920549 0.001658123142 0.3084040093 3.2425
-0.1270367717 0.1070884295 0.1056477419 0.01750675199 0.30651341 3.2625
0.1455922703 0.1195400661 0.1150526347 0.03244562606 0.3060443764 3.2675
0.1407633991 0.0005142221105 0.0004481726283 0.0002521223397 0.3051106026 3.2775
0.1413014849 0.1110046178 0.09265451295 0.06113236793 0.3046458492 3.2825
0.1400942862 0.1522504671 0.1223963548 0.09055019084 0.3041825095 3.2875
0.1378511496 0.08473190461 0.06554829486 0.05369279933 0.3037205771 3.2925
0.1357718942 0.009205520008 0.006845539018 0.006154688795 0.3032600455 3.2975
0.1344857895 0.0298749811 0.02140818433 0.02083756558 0.3028009084 3.3025
0.1337099173 0.1292095673 0.08956635814 0.09312883425 0.3023431595 3.3075
0.1324083805 0.1584037509 0.1070438247 0.1167620138 0.3018867925 3.3125
0.1298878518 0.02844895901 0.01909816661 0.02108561834 0.3014318011 3.3175
0.126481376 0.0005489560509 0.0003742185304 0.000401638192 0.3009781791 3.3225
0.123124054 0.01698788937 0.01185468712 0.01216777624 0.3005259204 3.3275
0.1204311841 0.2619834322 0.1834675035 0.1870160259 0.3000750188 3.3325
0.1182984191 0.2634155326 0.1759066701 0.1960729104 0.2996254682 3.3375
0.1235400245 0.05380632477 0.0140432856 0.05194137767 0.298284862 3.3525
-0.1318639115 0.3126060092 0.03770816187 0.3103233983 0.2978406552 3.3575
-0.08114550706 0.1414493917 0.03293890907 0.1375607455 0.2973977695 3.3625
-0.06787874546 0.1997187424 0.1365993592 0.1456989744 0.29607698 3.3775
-0.05954138281 0.350086886 0.2588766568 0.2356771187 0.29563932 3.3825
-0.04555184835 0.09508760928 0.06946207077 0.06493592353 0.295202952 3.3875
-0.01124251825 0.0477682859 0.02384950686 0.04138852692 0.2943340692 3.3975
0.01487860893 0.1486991276 0.04949733762 0.1402192716 0.293901543 3.4025
0.1354688787 0.1911041812 0.116581187 0.1514253444 0.292184076 3.4225
-0.1446348239 0.1127691325 0.07032141312 0.08815767746 0.291757841 3.4275
-0.1178763804 0.05850866712 0.02725862032 0.05177095466 0.290486565 3.4425
-0.1073763697 0.191597473 0.08709738934 0.1706564866 0.2900652647 3.4475
-0.07923205955 0.02195482539 0.01347415489 0.01733382555 0.2888086643 3.4625
-0.07367137942 0.1835770409 0.1200301261 0.1389003196 0.2883922134 3.4675
-0.07053338675 0.02143724505 0.0142755899 0.01599259229 0.2879769618 3.4725
-0.04785153992 0.07396111868 0.03380896655 0.06578146287 0.2863278454 3.4925
-0.02964533843 0.06955314175 0.03123834879 0.06214342356 0.2859185132 3.4975
-0.01177342801 0.06841187669 0.03559492362 0.05842248099 0.2855103498 3.5025
0.001799108352 0.1173920317 0.07491901954 0.09037715202 0.28510335 3.5075
0.01337128869 0.1049249989 0.07941917518 0.06857003718 0.2846975089 3.5125
0.0267086975 0.02550836116 0.02161239931 0.013549195 0.2842928216 3.5175
0.04467578992 0.0116968231 0.01051728809 0.005118820369 0.2838892832 3.5225
0.06690589113 0.08836677304 0.08093780441 0.03546488961 0.2834868887 3.5275
0.08915993779 0.1265215203 0.1144207459 0.0539961851 0.2830856334 3.5325
0.1086015302 0.07732114809 0.06723396779 0.03818577637 0.2826855124 3.5375
0.1254670042 0.05482215264 0.04478204074 0.03162336552 0.2822865208 3.5425
0.1409329146 0.1319188842 0.100373301 0.08560252605 0.281888654 3.5475
-0.1257770158 0.2205900358 0.1597129306 0.1521569705 0.2814919071 3.5525
-0.1122468409 0.227145611 0.1636285429 0.1575462743 0.2810962755 3.5575
-0.1019794462 0.1834447386 0.1358515562 0.1232733823 0.2807017544 3.5625
-0.09550898517 0.1531564849 0.1163979259 0.09954110564 0.2803083392 3.5675
-0.09193555227 0.1353691551 0.1024540847 0.08847580846 0.2799160252 3.5725
-0.08947397537 0.1308380579 0.09392698634 0.09108412938 0.2795248078 3.5775
-0.08592794232 0.1775786355 0.1132063971 0.1368155087 0.2791346825 3.5825
-0.07842505168 0.2257085732 0.1178215819 0.1925160639 0.2787456446 3.5875
-0.06222631496 0.08601770504 0.03478526976 0.07867039207 0.2783576896 3.5925
-0.1180659045 0.0001074706413 6.530550507e-05 8.535297154e-05 0.2734107997 3.6575
-0.1165032837 0.4004984577 0.2333080976 0.3255247244 0.2730375427 3.6625
-0.09420117948 0.04640318862 0.03050314063 0.03496876215 0.2715546504 3.6825
-0.09194130149 0.2751331233 0.1952146296 0.1938800761 0.2711864407 3.6875
-0.08777742193 0.1395459415 0.1068615348 0.08974230991 0.2708192282 3.6925
-0.04740043371 0.140179251 0.1043354062 0.09361808283 0.2697235334 3.7075
-0.03142976769 0.01868825857 0.01195165847 0.01436693663 0.2693602694 3.7125
0.1047018094 0.1921637314 0.1633208598 0.1012580684 0.2672010688 3.7425
0.04697493038 0.03893407621 0.02034446222 0.03319586039 0.2633311389 3.7975
0.02873856185 0.1322455272 0.1107542489 0.07226600739 0.2616088947 3.8225
0.03674454911 0.04591365198 0.0406666315 0.02131404515 0.2612671457 3.8275
0.04489318876 0.01077861856 0.009757471871 0.004579340656 0.2609262883 3.8325
0.04963421929 0.008139126254 0.007347420362 0.003501541117 0.2605863192 3.8375
0.04927460433 0.01025821323 0.009091743446 0.004750909364 0.2602472349 3.8425
0.0452190989 0.1860532058 0.1604281459 0.09422635176 0.2599090318 3.8475
-0.08015144528 0.01351793787 0.01261192759 0.00486558596 0.2393776182 4.1775
-0.07044706241 0.01423315177 0.01323394358 0.005238830643 0.2390914525 4.1825
-0.02464833723 0.03162965527 0.02559210442 0.01858707303 0.2362669817 4.2325
-0.01529363767 0.01700856345 0.01315315224 0.01078359017 0.2359882006 4.2375
-0.01913032303 0.1307965933 0.1291721272 0.02055019164 0.2326934264 4.2975
-0.02738616067 0.04528985471 0.04406487997 0.01046218395 0.2324230099 4.3025
-0.03056824209 0.0004431316239 0.0004203586652 0.0001402292005 0.2321532211 4.3075
-0.03225950426 0.04919470116 0.04495283162 0.01998403241 0.231884058 4.3125
-0.03422055645 0.09280400843 0.08049650701 0.04618329071 0.2316155182 4.3175
-0.03767045188 0.07315243735 0.05913606249 0.04306048309 0.2313475998 4.3225
-0.04376197419 0.02805541321 0.0207552757 0.01887656592 0.2310803004 4.3275
-0.05351718225 0.01225989402 0.008299877786 0.009023138596 0.230813618 4.3325
-0.06689574216 0.02703972087 0.01763291877 0.02049943122 0.2305475504 4.3375
-0.08113333367 0.018137111 0.0125953635 0.01305034918 0.2302820956 4.3425
-0.09212570884 0.001370831869 0.001085776149 0.0008368214675 0.2300172513 4.3475
-0.09689270863 0.0001501348605 0.0001347076697 6.628966779e-05 0.2297530155 4.3525
-0.08852262216 0.01298362827 0.01252799629 0.003409385845 0.2294893861 4.3575
-0.05681642596 0.01578184988 0.01533860712 0.003714016314 0.229226361 4.3625
-0.04181479321 0.03327275506 0.03057911947 0.01311463615 0.2289639382 4.3675
-0.0401389296 0.05681389229 0.04689864046 0.03206767657 0.2287021155 4.3725
-0.04181080051 0.0630562472 0.0452298863 0.04393572233 0.2284408909 4.3775
-0.04426920129 0.05319913837 0.03273828534 0.04193271987 0.2281802624 4.3825
-0.04695749338 0.05306047554 0.02820181965 0.04494520478 0.2279202279 4.3875
-0.05035215523 0.0607950854 0.02869686474 0.0535960107 0.2276607854 4.3925
-0.05531245132 0.04897524739 0.02160635805 0.04395156594 0.2274019329 4.3975
-0.06186562651 0.04220037124 0.0186163986 0.03787216703 0.2271436684 4.4025
-0.06854753161 0.104629565 0.04890858296 0.09249484523 0.2268859898 4.4075
-0.07357359117 0.2008170818 0.1013001788 0.1733948503 0.2266288952 4.4125
-0.07617670066 0.1835697195 0.09749089634 0.1555421713 0.2263723826 4.4175
-0.07666159034 0.02132392158 0.0113899155 0.01802718659 0.22611645 4.4225
-0.07386659971 0.06390049836 0.03228575935 0.05514438715 0.225606317 4.4325
-0.07205580421 0.2535889175 0.1335260999 0.2155878469 0.2253521127 4.4375
-0.0713985749 0.1373777025 0.08256911243 0.1097951493 0.2250984806 4.4425
-0.1114052824 0.07644371687 0.07624828987 0.005462613017 0.2240896359 4.4625
0.05760908667 0.07562030423 0.07347400006 0.0178885921 0.223838836 4.4675
0.06608474824 0.06978015603 0.04150126432 0.05609737281 0.2228412256 4.4875
0.06250856488 0.1358834479 0.08034882339 0.1095827449 0.2225932109 4.4925
-0.01497622841 0.04721224312 0.03539506116 0.03124396815 0.221116639 4.5225
-0.01981346586 0.002591671907 0.001563119852 0.002067225097 0.2208724462 4.5275
-0.0228067344 0.01711778153 0.007714340553 0.01528094874 0.2206287921 4.5325
-0.02632895846 0.08851132011 0.02876797722 0.08370577803 0.2203856749 4.5375
-0.03170561163 0.1152847045 0.02913906875 0.1115413724 0.220143093 4.5425
-0.03654031025 0.0780335502 0.01882525005 0.07572875885 0.2199010445 4.5475
-0.03765301567 0.05729713957 0.01557793803 0.05513882525 0.2196595277 4.5525
-0.03635254036 0.1042435354 0.03328578986 0.09878649136 0.2194185409 4.5575
-0.03509836109 0.1524753233 0.0550577402 0.1421877964 0.2191780822 4.5625
-0.03529062359 0.09888709791 0.03740761932 0.09153867024 0.21893815 4.5675
-0.04408548169 0.04896441559 0.01555576599 0.04642770874 0.218459858 4.5775
-0.05525016642 0.2109348158 0.05953816514 0.2023578598 0.2182214948 4.5825
0.07701624062 0.2368200483 0.1905064149 0.1406806354 0.215866163 4.6325
0.08067171928 0.2471596481 0.1833035001 0.1657942053 0.2156334232 4.6375
0.08089062793 0.07431483942 0.05168874412 0.05339446684 0.2149382053 4.6525
0.07908010922 0.2494973796 0.1906672087 0.1609191038 0.2147074611 4.6575
0.07785246187 0.1172837519 0.100096247 0.06112462517 0.2144772118 4.6625
-0.04576525598 6.236871411e-05 5.592326658e-05 2.76124022e-05 0.2133333333 4.6875
-0.03900378839 0.05267455004 0.04404539651 0.02888963946 0.2131060202 4.6925
-0.03090901948 0.05622384818 0.04391615498 0.03510687164 0.2128791911 4.6975
-0.02123907901 0.02020321245 0.01478224879 0.01377152548 0.2126528442 4.7025
0.06321448066 0.00677610003 0.005401059312 0.004091954292 0.2113048072 4.7325
0.05164313447 0.03232040054 0.02678862622 0.01808252739 0.2090956613 4.7825
0.04537833358 0.09358259371 0.08124128429 0.04644949486 0.2086593636 4.7925
0.07243717571 0.05438975871 0.05013500532 0.02108855361 0.2065049045 4.8425
0.0714050739 0.006885117796 0.006262617537 0.002860851036 0.206291903 4.8475
0.07176796564 0.01179725349 0.01082077976 0.004699565422 0.2058672156 4.8575
-0.001560374293 0.03147304407 0.02745785793 0.01538241012 0.1891252955 5.2875
0.02739589782 0.018110528 0.01529691867 0.009695127843 0.1859600186 5.3775
0.02501952631 0.004638776044 0.003982803257 0.002378134018 0.1857872736 5.3825
-0.05818904998 0.007013556186 0.005567301294 0.0042655746 0.1832340815 5.4575
-0.05742140008 0.01988062921 0.01595108357 0.01186601663 0.1830663616 5.4625
-0.05571701266 0.05257558417 0.04287279035 0.03043215237 0.1828989483 5.4675
-0.04710166818 0.07239553277 0.06149258426 0.03820700519 0.1822323462 5.4875
-0.04940717535 0.06886350547 0.05908055624 0.03537895221 0.1820664543 5.4925
-0.07109878206 0.01881318252 0.01699982377 0.008058649273 0.1815705856 5.5075
-0.08222132558 0.06786051374 0.06298584217 0.02525535609 0.1814058957 5.5125
0.008490459235 0.07231588628 0.0709507923 0.01398472313 0.1805869074 5.5375
-0.001369048537 0.2828992188 0.2780031469 0.05240437272 0.1804239964 5.5425
-0.005100668273 0.02897619665 0.02855384753 0.004929276209 0.180261379 5.5475
-0.003426883095 0.0003058927116 0.0003013573749 5.24793636e-05 0.1800990545 5.5525
-0.0004582183734 0.04387002258 0.04282927852 0.009499041155 0.179937022 5.5575
-0.0001945188946 0.3356734044 0.3189856527 0.1045217098 0.1797752809 5.5625
-0.08268276385 0.02847779733 0.02750710245 0.007371855648 0.1776988005 5.6275
-0.07431555486 0.1586519642 0.1502257456 0.05101638061 0.1775410564 5.6325
-0.08268652977 0.02737720658 0.01906775201 0.01964515903 0.1770694998 5.6475
0.08496646271 0.07990470173 0.0462777974 0.06513928788 0.1769128704 5.6525
0.01551157476 0.1654491618 0.1335036432 0.09772513693 0.1759788825 5.6825
0.02807621019 0.004529182456 0.00376347209 0.002519875303 0.1753616835 5.7025
0.0358555482 0.1088300218 0.09175808452 0.05851860868 0.1752080596 5.7075
0.04404870846 0.02066312482 0.01732087591 0.01126729715 0.1750547046 5.7125
0.05190036744 0.0002858682284 0.0002324031786 0.0001664614268 0.1749016178 5.7175
0.0593419134 0.02903241539 0.0224624333 0.01839348346 0.1747487986 5.7225
0.06719185996 0.02202914078 0.01617613405 0.0149537865 0.1745962462 5.7275
-0.067052976 0.04512522342 0.03552045935 0.02783132688 0.1739886907 5.7475
-0.05595050036 0.0001279534204 0.0001043341155 7.407071048e-05 0.173837462 5.7525
-0.01391814028 0.03089883893 0.02377999494 0.01972942188 0.1732351667 5.7725
-0.005972879969 0.01617909207 0.012289625 0.01052274382 0.1714530647 5.8325
0.01254225998 0.01703128735 0.0152367274 0.007609657489 0.1707212975 5.8575
-0.01087383539 0.02865353277 0.02483332231 0.014294441 0.1590457256 6.2875
0.01345575529 0.01291499163 0.01241963313 0.003542558663 0.1579155152 6.3325
0.01484529239 0.1756194529 0.1716857614 0.03696202874 0.157790927 6.3375
0.01693924688 0.01784296496 0.01755133341 0.003212801574 0.1576665353 6.3425
0.02120136422 0.0235078043 0.02310380507 0.004339476271 0.1574183392 6.3525
0.02460795494 0.1469802242 0.1442861873 0.02801218435 0.157294534 6.3575
0.03101705357 0.07599301358 0.07458380654 0.01456687733 0.1571709234 6.3625
0.05162120559 0.01972524049 0.01918354866 0.004590922919 0.156924284 6.3725
0.05985324095 0.0590540528 0.05666929223 0.01661241916 0.1568012544 6.3775
0.02163916995 0.007191293608 0.006938661071 0.001889361349 0.1548586914 6.4575
0.02866532168 0.1359536328 0.1306697156 0.03753419352 0.1547388781 6.4625
0.02667984594 0.08949907936 0.08394397244 0.03104021096 0.1542614732 6.4825
0.03304092239 0.09156240185 0.0876430441 0.02650226883 0.1541425819 6.4875
-0.02251765251 0.07778035428 0.0741768117 0.02340051533 0.1531980084 6.5275
-0.01398817085 0.1531562225 0.1471110518 0.0426047761 0.1530807501 6.5325
-0.01485596301 0.1505434986 0.1467154687 0.03373301352 0.1526135063 6.5525
-0.01911503776 0.02653039034 0.02608239947 0.004854899526 0.1524971407 6.5575
0.04302851338 0.01920419855 0.01862535289 0.004679473459 0.1499812523 6.6675
0.03961727379 0.006430110625 0.006255609585 0.001487841178 0.1498688647 6.6725
0.07142200398 0.0008542797918 0.0006129998467 0.0005950001266 0.1487541837 6.7225
0.06830741618 0.02386621534 0.01849813338 0.01508029497 0.1486436269 6.7275
0.06441733482 0.01677244013 0.01537952201 0.006692163375 0.1484230056 6.7375
0.06495976475 0.1622440022 0.1556290304 0.04585543749 0.1483129403 6.7425
0.03881688351 0.1435255717 0.1424980481 0.0171433957 0.1472211999 6.7925
0.0677467996 0.02596334734 0.02520545298 0.006227402764 0.1380738695 7.2425
0.06895033571 0.06678573141 0.06469421867 0.01658288247 0.1379786133 7.2475
-0.05954331547 0.105911176 0.09899580956 0.03764315212 0.137504297 7.2725
-0.06824778279 0.03163333964 0.03103812095 0.006107636596 0.1365653807 7.3225
0.0630543014 0.01066726411 0.01011229547 0.003395880423 0.1343634531 7.4425
0.0002006129124 0.03259473184 0.03218783743 0.005134166492 0.1340033501 7.4625
-0.003704268804 0.07873501129 0.07657607557 0.01831138046 0.1339136257 7.4675
-0.01145328108 0.08561372564 0.08164192343 0.02577414123 0.1336451721 7.4825
-0.01467795387 0.04299796496 0.04099436099 0.01297256171 0.1335559265 7.4875
0.04211732275 0.02212646988 0.02174275171 0.004102854809 0.1327580485 7.5325
0.05660375657 0.03318639123 0.03248280154 0.006797364706 0.1326699834 7.5375
-0.03290697128 0.1028765444 0.1010200994 0.01945566517 0.1323188885 7.5575
-0.02241178117 0.008204087263 0.008033290784 0.001665318889 0.132231405 7.5625
0.009303048975 0.01945345556 0.01857380742 0.00578365031 0.1314492277 7.6075
0.01687460267 0.09813862915 0.09601444683 0.02030804104 0.1305909239 7.6575
-0.01360280566 0.1866340388 0.1812121723 0.04465885219 0.1302507327 7.6775
-0.0111220237 0.09125681048 0.08571378927 0.03132014989 0.1294917449 7.7225
-0.007021969244 0.05311016779 0.04851629131 0.02160692944 0.1294079586 7.7275
-0.03747861383 0.01358642813 0.01275637518 0.004676101109 0.1207364926 8.2825
-0.03549630376 0.01742989629 0.01615564195 0.006541904752 0.1206636501 8.2875
0.03396893922 0.03410046729 0.03061958236 0.0150094319 0.1196530063 8.3575
0.03466744569 2.531614562e-05 2.359493978e-05 9.175295424e-06 0.1195814649 8.3625
0.03694072366 0.001569957476 0.001502421337 0.0004555179514 0.119510009 8.3675
0.04122730823 0.01633608449 0.01589730752 0.003760753946 0.1194386384 8.3725
0.04732091174 0.03255845912 0.031981182 0.006103872386 0.119367353 8.3775
0.05413227858 0.0214410133 0.02116633716 0.003420997319 0.1192961527 8.3825
-0.04547530068 0.03715922993 0.03694500132 0.003984375271 0.1190830604 8.3975
-0.0402496215 0.08124577544 0.08077670851 0.008717762867 0.1190121988 8.4025
-0.03787607525 0.03473548383 0.03451110763 0.003941736546 0.1189414213 8.4075
-0.04754543804 0.04524745743 0.04519222334 0.002235028878 0.1185887934 8.4325
-0.04781893413 0.05467357687 0.05462089422 0.002399567092 0.1185185185 8.4375
0.0394158218 0.1223022722 0.1213384887 0.01532373771 0.1172676634 8.5275
0.01585306396 0.07860637856 0.07828355586 0.007116715005 0.1171989452 8.5325
0.0533338968 0.002829532911 0.002743783656 0.0006913087166 0.1166520852 8.5725
0.04539700288 0.001348253844 0.001260225398 0.0004791872002 0.1147776184 8.7125
0.04850219166 0.01171733171 0.01104647871 0.003907834499 0.1147117866 8.7175
0.05028148866 1.137412506e-05 1.10239837e-05 2.800447168e-06 0.1145803495 8.7275
0.048663534 0.03009355023 0.02957754246 0.005548941118 0.1145147438 8.7325
0.04316820763 0.04670488838 0.04645642461 0.004811154831 0.105680317 9.4625
0.03022533965 0.008258150257 0.007754825602 0.002838965577 0.1045205122 9.5675
