4.862876711413264275e+01
5.359086584066972136e+01
5.855298185488208418e+01
6.351512427208945155e+01
6.847726606065407395e+01
7.343936510151252151e+01
7.840147671522572637e+01
8.336359744425863028e+01
8.832571785897016525e+01
9.328783858800306916e+01
9.824995491653680801e+01
1.032120533287525177e+02
1.081741696572862566e+02
1.131363114458508790e+02
1.180984538630582392e+02
1.230605525895953178e+02
1.280226645176298916e+02
1.329847635584883392e+02
1.379469056613743589e+02
1.429090257617644966e+02
1.478711420902982354e+02
1.528332408168353140e+02
1.577953568310476840e+02
1.627574992482550442e+02
1.677196416654624045e+02
1.726817400776781142e+02
1.776438523200340569e+02
1.826059510465711355e+02
1.875680928351357579e+02
1.925302135641686334e+02
1.974923295783810318e+02
2.024544286192394793e+02
2.074165446334518492e+02
2.123786870506592095e+02
2.173408288392238035e+02
2.223029272514395132e+02
2.272650394937954843e+02
2.322271382203325345e+02
2.371892803232184974e+02
2.421514013665728271e+02
2.471135170664638281e+02
2.520756161073222756e+02
2.570377324358560145e+02
2.619998742244206369e+02
2.669620119268074632e+02
2.719241103390231729e+02
2.768862486700527370e+02
2.818483473965897588e+02
2.868104681256227195e+02
2.917725885403342545e+02
2.967347045545466244e+02
3.016968032810837030e+02
3.066589416121132672e+02
3.116210834006778896e+02
3.165832167025655508e+02
3.215453371172770858e+02
3.265074751339852810e+02
3.314696169225498465e+02
3.364317118772305548e+02
3.413938536657951772e+02
3.463559740805067122e+02
3.513179863686673343e+02
3.562801291001960635e+02
3.612422708887605722e+02
3.662044041906483471e+02
3.711665249196812510e+02
3.761286406195722520e+02
3.810907824081368744e+02
3.860529210534878075e+02
3.910150370677001774e+02
3.959771574824117124e+02
4.009391741710714996e+02
4.059012945857830346e+02
4.108634366886689691e+02
4.158255699905567440e+02
4.207876690314150778e+02
4.257497894461266696e+02
4.307119098608382046e+02
4.356740481918677688e+02
4.406361425179056823e+02
4.455982629326172173e+02
4.505603616591542959e+02
4.555225037620402873e+02
4.604846197762526572e+02
4.654467577929609092e+02
4.704088565194979310e+02
4.753709772485308349e+02
4.803331149509176612e+02
4.852952312794513432e+02
4.902573296916671097e+02
4.952194501063786447e+02
5.001815491472370923e+02
5.051436915644444525e+02
5.101058031781577711e+02
5.150679455953650177e+02
5.200300440075807273e+02
5.249921647366136312e+02
5.299543021246790886e+02
5.349164184532128274e+02
5.398785174940712750e+02
5.448406379087828100e+02
5.498027369496412575e+02
5.547648746520280838e+02
5.597269909805618227e+02
5.646891327691264451e+02
5.696512314956635237e+02
5.746133519103750587e+02
5.795754899270832539e+02
5.845376059412956238e+02
5.894997052964754403e+02
5.944618257111869752e+02
5.994239244377240539e+02
6.043860618257895112e+02
6.093481781543232501e+02
6.143103202572092414e+02
6.192724192980676889e+02
6.242345353122800589e+02
6.291966733289882541e+02
6.341587934293783064e+02
6.391208924702368677e+02
6.440830087987706065e+02
6.490451288991607726e+02
6.540072496281936765e+02
6.589693656424060464e+02
6.639315036591142416e+02
6.688936026999726892e+02
6.738557404023595154e+02
6.788178605027496815e+02
6.837799809174612164e+02
6.887420796439982951e+02
6.937041962868534029e+02
6.986663123010657728e+02
7.036284547182731330e+02
7.085905534448102117e+02
7.135526867466978729e+02
7.185147857875562067e+02
7.234769275761209428e+02
7.284390479908324778e+02
7.334011687198653817e+02
7.383632630459032953e+02
7.433253837749361992e+02
7.482875001034698244e+02
7.532496418920345604e+02
7.582117365323939566e+02
7.631738739204593003e+02
7.681359949638135731e+02
7.730981150642037392e+02
7.780602313927374780e+02
7.830223521217703819e+02
7.879844464478084092e+02
7.929465668625198305e+02
7.979086872772313654e+02
8.028708249796181917e+02
8.078329193056562190e+02
8.127950617228634655e+02
8.177571997395716608e+02
8.227193201542830820e+02
8.276814147946424782e+02
8.326435352093541269e+02
8.376056336215697229e+02
8.425677499501033481e+02
8.475298703648149967e+02
8.524920083815231919e+02
8.574541071080602705e+02
8.624162495252676308e+02
8.673783828271552920e+02
8.723405032418668270e+02
8.773026019684039056e+02
8.822647223831153269e+02
8.872268214239738882e+02
8.921889550401829183e+02
8.971510754548944533e+02
9.021131958696058746e+02
9.070752949104645495e+02
9.120374326128512621e+02
9.169995703152379747e+02
9.219616907299496233e+02
9.269237891421652193e+02
9.318859057850204408e+02
9.368480051402002573e+02
9.418101428425870836e+02
9.467722629429772496e+02
9.517343830433671883e+02
9.566964779980480671e+02
9.616586157004347797e+02
9.666207578033208847e+02
9.715828738175332546e+02
9.765449725440701059e+02
9.815070891869254410e+02
9.864692096016369760e+02
9.914313300163483973e+02
9.963934457162395120e+02
1.001355566130950820e+03
1.006317661085631585e+03
1.011279781186021637e+03
1.016241941205225885e+03
1.021204056905117113e+03
1.026166155945975106e+03
1.031128276360686868e+03
1.036090418149251491e+03
1.041052534477785230e+03
1.046014628803823143e+03
1.050976749847177416e+03
1.055938848573714495e+03
1.060900964587926865e+03
1.065863124292809516e+03
1.070825244707521051e+03
1.075787343434058130e+03
1.080749463534448296e+03
1.085711601551156491e+03
1.090673717879690230e+03
1.095635816606227309e+03
1.100597937649581581e+03
1.105560053349472582e+03
1.110522148304153234e+03
1.115484290092717856e+03
1.120446427795104682e+03
1.125408547895494848e+03
1.130370668624527752e+03
1.135332763579208404e+03
1.140294901281595230e+03
1.145257004408631474e+03
1.150219120422843844e+03
1.155181236437056214e+03
1.160143352765589952e+03
1.165105455892626196e+03
1.170067611197009683e+03
1.175029731297399849e+03
1.179991852340754122e+03
1.184953946666792035e+03
