1.250000000000000026e-04
3.750000000000000078e-04
6.250000000000000130e-04
8.750000000000000182e-04
1.125000000000000132e-03
1.374999999999999920e-03
1.625000000000000142e-03
1.874999999999999931e-03
2.125000000000000153e-03
2.375000000000000375e-03
2.624999999999999729e-03
2.874999999999999951e-03
3.125000000000000173e-03
3.375000000000000396e-03
3.624999999999999750e-03
3.874999999999999972e-03
4.125000000000000194e-03
4.375000000000000416e-03
4.625000000000000638e-03
4.874999999999999993e-03
5.125000000000000215e-03
5.374999999999999570e-03
5.624999999999999792e-03
5.875000000000000014e-03
6.125000000000000236e-03
6.375000000000000458e-03
6.625000000000000680e-03
6.875000000000000035e-03
7.125000000000000257e-03
7.374999999999999611e-03
7.624999999999999833e-03
7.875000000000000056e-03
8.125000000000000278e-03
8.375000000000000500e-03
8.625000000000000722e-03
8.875000000000000944e-03
9.125000000000001166e-03
9.374999999999999653e-03
9.624999999999999875e-03
9.875000000000000097e-03
1.012500000000000032e-02
1.037500000000000054e-02
1.062500000000000076e-02
1.087499999999999925e-02
1.112499999999999947e-02
1.137499999999999969e-02
1.162499999999999992e-02
1.187500000000000014e-02
1.212500000000000036e-02
1.237500000000000058e-02
1.262500000000000080e-02
1.287500000000000103e-02
1.312500000000000125e-02
1.337499999999999974e-02
1.362499999999999996e-02
1.387500000000000018e-02
1.412500000000000040e-02
1.437500000000000062e-02
1.462500000000000085e-02
1.487499999999999933e-02
1.512499999999999956e-02
1.537499999999999978e-02
1.562500000000000000e-02
1.587500000000000022e-02
1.612500000000000044e-02
1.637500000000000067e-02
1.662500000000000089e-02
1.687500000000000111e-02
1.712500000000000133e-02
1.737500000000000155e-02
1.762500000000000178e-02
1.787500000000000200e-02
1.812500000000000222e-02
1.837499999999999897e-02
1.862499999999999920e-02
1.887499999999999942e-02
1.912499999999999964e-02
1.937499999999999986e-02
1.962500000000000008e-02
1.987500000000000031e-02
2.012500000000000053e-02
2.037500000000000075e-02
2.062500000000000097e-02
2.087500000000000119e-02
2.112500000000000142e-02
2.137500000000000164e-02
2.162500000000000186e-02
2.187499999999999861e-02
2.212499999999999883e-02
2.237499999999999906e-02
2.262499999999999928e-02
2.287499999999999950e-02
2.312499999999999972e-02
2.337499999999999994e-02
2.362500000000000017e-02
2.387500000000000039e-02
2.412500000000000061e-02
2.437500000000000083e-02
2.462500000000000105e-02
2.487500000000000128e-02
2.512500000000000150e-02
2.537500000000000172e-02
2.562500000000000194e-02
2.587500000000000216e-02
2.612500000000000239e-02
2.637499999999999914e-02
2.662499999999999936e-02
2.687499999999999958e-02
2.712499999999999981e-02
2.737500000000000003e-02
2.762500000000000025e-02
2.787500000000000047e-02
2.812500000000000069e-02
2.837500000000000092e-02
2.862500000000000114e-02
2.887500000000000136e-02
2.912500000000000158e-02
2.937500000000000180e-02
2.962500000000000203e-02
2.987499999999999878e-02
3.012499999999999900e-02
3.037499999999999922e-02
3.062499999999999944e-02
3.087499999999999967e-02
3.112499999999999989e-02
3.137500000000000011e-02
3.162500000000000033e-02
3.187500000000000056e-02
3.212500000000000078e-02
3.237500000000000100e-02
3.262500000000000122e-02
3.287500000000000144e-02
3.312500000000000167e-02
3.337500000000000189e-02
3.362500000000000211e-02
3.387500000000000233e-02
3.412500000000000255e-02
3.437500000000000278e-02
3.462500000000000300e-02
3.487500000000000322e-02
3.512500000000000344e-02
3.537500000000000366e-02
3.562500000000000389e-02
3.587500000000000411e-02
3.612500000000000433e-02
3.637499999999999761e-02
3.662499999999999784e-02
3.687499999999999806e-02
3.712499999999999828e-02
3.737499999999999850e-02
3.762499999999999872e-02
3.787499999999999895e-02
3.812499999999999917e-02
3.837499999999999939e-02
3.862499999999999961e-02
3.887499999999999983e-02
3.912500000000000006e-02
3.937500000000000028e-02
3.962500000000000050e-02
3.987500000000000072e-02
4.012500000000000094e-02
4.037500000000000117e-02
4.062500000000000139e-02
4.087500000000000161e-02
4.112500000000000183e-02
4.137500000000000205e-02
4.162500000000000228e-02
4.187500000000000250e-02
4.212500000000000272e-02
4.237500000000000294e-02
4.262500000000000316e-02
4.287500000000000339e-02
4.312500000000000361e-02
4.337500000000000383e-02
4.362500000000000405e-02
4.387499999999999734e-02
4.412499999999999756e-02
4.437499999999999778e-02
4.462499999999999800e-02
4.487499999999999822e-02
4.512499999999999845e-02
4.537499999999999867e-02
4.562499999999999889e-02
4.587499999999999911e-02
4.612499999999999933e-02
4.637499999999999956e-02
4.662499999999999978e-02
4.687500000000000000e-02
4.712500000000000022e-02
4.737500000000000044e-02
4.762500000000000067e-02
4.787500000000000089e-02
4.812500000000000111e-02
4.837500000000000133e-02
4.862500000000000155e-02
4.887500000000000178e-02
4.912500000000000200e-02
4.937500000000000222e-02
4.962500000000000244e-02
4.987500000000000266e-02
5.012500000000000289e-02
5.037500000000000311e-02
5.062500000000000333e-02
5.087500000000000355e-02
5.112500000000000377e-02
5.137500000000000400e-02
5.162500000000000422e-02
5.187500000000000444e-02
5.212500000000000466e-02
5.237499999999999795e-02
5.262499999999999817e-02
5.287499999999999839e-02
5.312499999999999861e-02
5.337499999999999883e-02
5.362499999999999906e-02
5.387499999999999928e-02
5.412499999999999950e-02
5.437499999999999972e-02
5.462499999999999994e-02
5.487500000000000017e-02
5.512500000000000039e-02
5.537500000000000061e-02
5.562500000000000083e-02
5.587500000000000105e-02
5.612500000000000128e-02
5.637500000000000150e-02
5.662500000000000172e-02
5.687500000000000194e-02
5.712500000000000216e-02
5.737500000000000239e-02
5.762500000000000261e-02
5.787500000000000283e-02
5.812500000000000305e-02
5.837500000000000328e-02
5.862500000000000350e-02
5.887500000000000372e-02
5.912500000000000394e-02
5.937500000000000416e-02
5.962500000000000439e-02
5.987499999999999767e-02
6.012499999999999789e-02
6.037499999999999811e-02
6.062499999999999833e-02
6.087499999999999856e-02
6.112499999999999878e-02
6.137499999999999900e-02
6.162499999999999922e-02
6.187499999999999944e-02
6.212499999999999967e-02
6.237499999999999989e-02
6.262500000000000011e-02
6.287500000000000033e-02
6.312500000000000056e-02
6.337500000000000078e-02
6.362500000000000100e-02
6.387500000000000122e-02
6.412500000000000144e-02
6.437500000000000167e-02
6.462500000000000189e-02
6.487500000000000211e-02
6.512500000000000233e-02
6.537500000000000255e-02
6.562500000000000278e-02
6.587500000000000300e-02
6.612500000000000322e-02
6.637500000000000344e-02
6.662500000000000366e-02
6.687500000000000389e-02
6.712500000000000411e-02
6.737500000000000433e-02
6.762500000000000455e-02
6.787500000000000477e-02
6.812500000000000500e-02
6.837500000000000522e-02
6.862500000000000544e-02
6.887500000000000566e-02
6.912500000000000588e-02
6.937500000000000611e-02
6.962500000000000633e-02
6.987500000000000655e-02
7.012500000000000677e-02
7.037500000000000699e-02
7.062500000000000722e-02
7.087500000000000744e-02
7.112500000000000766e-02
7.137500000000000788e-02
7.162500000000000810e-02
7.187500000000000833e-02
7.212499999999999467e-02
7.237499999999999489e-02
7.262499999999999512e-02
7.287499999999999534e-02
7.312499999999999556e-02
7.337499999999999578e-02
7.362499999999999600e-02
7.387499999999999623e-02
7.412499999999999645e-02
7.437499999999999667e-02
7.462499999999999689e-02
7.487499999999999711e-02
7.512499999999999734e-02
7.537499999999999756e-02
7.562499999999999778e-02
7.587499999999999800e-02
7.612499999999999822e-02
7.637499999999999845e-02
7.662499999999999867e-02
7.687499999999999889e-02
7.712499999999999911e-02
7.737499999999999933e-02
7.762499999999999956e-02
7.787499999999999978e-02
7.812500000000000000e-02
7.837500000000000022e-02
7.862500000000000044e-02
7.887500000000000067e-02
7.912500000000000089e-02
7.937500000000000111e-02
7.962500000000000133e-02
7.987500000000000155e-02
8.012500000000000178e-02
8.037500000000000200e-02
8.062500000000000222e-02
8.087500000000000244e-02
8.112500000000000266e-02
8.137500000000000289e-02
8.162500000000000311e-02
8.187500000000000333e-02
8.212500000000000355e-02
8.237500000000000377e-02
8.262500000000000400e-02
8.287500000000000422e-02
8.312500000000000444e-02
8.337500000000000466e-02
8.362500000000000488e-02
8.387500000000000511e-02
8.412500000000000533e-02
8.437500000000000555e-02
8.462500000000000577e-02
8.487500000000000600e-02
8.512500000000000622e-02
8.537500000000000644e-02
8.562500000000000666e-02
8.587500000000000688e-02
8.612500000000000711e-02
8.637500000000000733e-02
8.662500000000000755e-02
8.687500000000000777e-02
8.712500000000000799e-02
8.737500000000000822e-02
8.762500000000000844e-02
8.787500000000000866e-02
8.812499999999999500e-02
8.837499999999999523e-02
8.862499999999999545e-02
8.887499999999999567e-02
8.912499999999999589e-02
8.937499999999999611e-02
8.962499999999999634e-02
8.987499999999999656e-02
9.012499999999999678e-02
9.037499999999999700e-02
9.062499999999999722e-02
9.087499999999999745e-02
9.112499999999999767e-02
9.137499999999999789e-02
9.162499999999999811e-02
9.187499999999999833e-02
9.212499999999999856e-02
9.237499999999999878e-02
9.262499999999999900e-02
9.287499999999999922e-02
9.312499999999999944e-02
9.337499999999999967e-02
9.362499999999999989e-02
9.387500000000000011e-02
9.412500000000000033e-02
9.437500000000000056e-02
9.462500000000000078e-02
9.487500000000000100e-02
9.512500000000000122e-02
9.537500000000000144e-02
9.562500000000000167e-02
9.587500000000000189e-02
9.612500000000000211e-02
9.637500000000000233e-02
9.662500000000000255e-02
9.687500000000000278e-02
9.712500000000000300e-02
9.737500000000000322e-02
9.762500000000000344e-02
9.787500000000000366e-02
9.812500000000000389e-02
9.837500000000000411e-02
9.862500000000000433e-02
9.887500000000000455e-02
9.912500000000000477e-02
9.937500000000000500e-02
9.962500000000000522e-02
9.987500000000000544e-02
1.001250000000000057e-01
1.003750000000000059e-01
1.006250000000000061e-01
1.008750000000000063e-01
1.011250000000000066e-01
1.013750000000000068e-01
1.016250000000000070e-01
1.018750000000000072e-01
1.021250000000000074e-01
1.023750000000000077e-01
1.026250000000000079e-01
1.028750000000000081e-01
1.031250000000000083e-01
1.033750000000000085e-01
1.036250000000000088e-01
1.038750000000000090e-01
1.041249999999999953e-01
1.043749999999999956e-01
1.046249999999999958e-01
1.048749999999999960e-01
1.051249999999999962e-01
1.053749999999999964e-01
1.056249999999999967e-01
1.058749999999999969e-01
1.061249999999999971e-01
1.063749999999999973e-01
1.066249999999999976e-01
1.068749999999999978e-01
1.071249999999999980e-01
1.073749999999999982e-01
1.076249999999999984e-01
1.078749999999999987e-01
1.081249999999999989e-01
1.083749999999999991e-01
1.086249999999999993e-01
1.088749999999999996e-01
1.091249999999999998e-01
1.093750000000000000e-01
1.096250000000000002e-01
1.098750000000000004e-01
1.101250000000000007e-01
1.103750000000000009e-01
1.106250000000000011e-01
1.108750000000000013e-01
1.111250000000000016e-01
1.113750000000000018e-01
1.116250000000000020e-01
1.118750000000000022e-01
1.121250000000000024e-01
1.123750000000000027e-01
1.126250000000000029e-01
1.128750000000000031e-01
1.131250000000000033e-01
1.133750000000000036e-01
1.136250000000000038e-01
1.138750000000000040e-01
1.141250000000000042e-01
1.143750000000000044e-01
1.146250000000000047e-01
1.148750000000000049e-01
1.151250000000000051e-01
1.153750000000000053e-01
1.156250000000000056e-01
1.158750000000000058e-01
1.161250000000000060e-01
1.163750000000000062e-01
1.166250000000000064e-01
1.168750000000000067e-01
1.171250000000000069e-01
1.173750000000000071e-01
1.176250000000000073e-01
1.178750000000000075e-01
1.181250000000000078e-01
1.183750000000000080e-01
1.186250000000000082e-01
1.188750000000000084e-01
1.191250000000000087e-01
1.193750000000000089e-01
1.196250000000000091e-01
1.198750000000000093e-01
1.201249999999999957e-01
1.203749999999999959e-01
1.206249999999999961e-01
1.208749999999999963e-01
1.211249999999999966e-01
1.213749999999999968e-01
1.216249999999999970e-01
1.218749999999999972e-01
1.221249999999999974e-01
1.223749999999999977e-01
1.226249999999999979e-01
1.228749999999999981e-01
1.231249999999999983e-01
1.233749999999999986e-01
1.236249999999999988e-01
1.238749999999999990e-01
1.241249999999999992e-01
1.243749999999999994e-01
1.246249999999999997e-01
1.248749999999999999e-01
1.251249999999999862e-01
1.253750000000000142e-01
1.256249999999999867e-01
1.258750000000000147e-01
1.261249999999999871e-01
1.263750000000000151e-01
1.266249999999999876e-01
1.268750000000000155e-01
1.271249999999999880e-01
1.273750000000000160e-01
1.276249999999999885e-01
1.278750000000000164e-01
1.281249999999999889e-01
1.283750000000000169e-01
1.286249999999999893e-01
1.288750000000000173e-01
1.291249999999999898e-01
1.293750000000000178e-01
1.296249999999999902e-01
1.298750000000000182e-01
1.301249999999999907e-01
1.303750000000000187e-01
1.306249999999999911e-01
1.308750000000000191e-01
1.311249999999999916e-01
1.313750000000000195e-01
1.316249999999999920e-01
1.318750000000000200e-01
1.321249999999999925e-01
1.323750000000000204e-01
1.326249999999999929e-01
1.328750000000000209e-01
1.331249999999999933e-01
1.333750000000000213e-01
1.336249999999999938e-01
1.338750000000000218e-01
1.341249999999999942e-01
1.343750000000000222e-01
1.346249999999999947e-01
1.348750000000000226e-01
1.351249999999999951e-01
1.353750000000000231e-01
1.356249999999999956e-01
1.358750000000000235e-01
1.361249999999999960e-01
1.363750000000000240e-01
1.366249999999999964e-01
1.368750000000000244e-01
1.371249999999999969e-01
1.373750000000000249e-01
1.376249999999999973e-01
1.378750000000000253e-01
1.381249999999999978e-01
1.383750000000000258e-01
1.386249999999999982e-01
1.388750000000000262e-01
1.391249999999999987e-01
1.393750000000000266e-01
1.396249999999999991e-01
1.398750000000000271e-01
1.401249999999999996e-01
1.403750000000000275e-01
1.406250000000000000e-01
1.408750000000000280e-01
1.411250000000000004e-01
1.413750000000000284e-01
1.416250000000000009e-01
1.418750000000000289e-01
1.421250000000000013e-01
1.423750000000000293e-01
1.426250000000000018e-01
1.428750000000000298e-01
1.431250000000000022e-01
1.433750000000000302e-01
1.436250000000000027e-01
1.438750000000000306e-01
1.441250000000000031e-01
1.443749999999999756e-01
1.446250000000000036e-01
1.448749999999999760e-01
1.451250000000000040e-01
1.453749999999999765e-01
1.456250000000000044e-01
1.458749999999999769e-01
1.461250000000000049e-01
1.463749999999999774e-01
1.466250000000000053e-01
1.468749999999999778e-01
1.471250000000000058e-01
1.473749999999999782e-01
1.476250000000000062e-01
1.478749999999999787e-01
1.481250000000000067e-01
1.483749999999999791e-01
1.486250000000000071e-01
1.488749999999999796e-01
1.491250000000000075e-01
1.493749999999999800e-01
1.496250000000000080e-01
1.498749999999999805e-01
1.501250000000000084e-01
1.503749999999999809e-01
1.506250000000000089e-01
1.508749999999999813e-01
1.511250000000000093e-01
1.513749999999999818e-01
1.516250000000000098e-01
1.518749999999999822e-01
1.521250000000000102e-01
1.523749999999999827e-01
1.526250000000000107e-01
1.528749999999999831e-01
1.531250000000000111e-01
1.533749999999999836e-01
1.536250000000000115e-01
1.538749999999999840e-01
1.541250000000000120e-01
1.543749999999999845e-01
1.546250000000000124e-01
1.548749999999999849e-01
1.551250000000000129e-01
1.553749999999999853e-01
1.556250000000000133e-01
1.558749999999999858e-01
1.561250000000000138e-01
1.563749999999999862e-01
1.566250000000000142e-01
1.568749999999999867e-01
1.571250000000000147e-01
1.573749999999999871e-01
1.576250000000000151e-01
1.578749999999999876e-01
1.581250000000000155e-01
1.583749999999999880e-01
1.586250000000000160e-01
1.588749999999999885e-01
1.591250000000000164e-01
1.593749999999999889e-01
1.596250000000000169e-01
1.598749999999999893e-01
1.601250000000000173e-01
1.603749999999999898e-01
1.606250000000000178e-01
1.608749999999999902e-01
1.611250000000000182e-01
1.613749999999999907e-01
1.616250000000000187e-01
1.618749999999999911e-01
1.621250000000000191e-01
1.623749999999999916e-01
1.626250000000000195e-01
1.628749999999999920e-01
1.631250000000000200e-01
1.633749999999999925e-01
1.636250000000000204e-01
1.638749999999999929e-01
1.641250000000000209e-01
1.643749999999999933e-01
1.646250000000000213e-01
1.648749999999999938e-01
1.651250000000000218e-01
1.653749999999999942e-01
1.656250000000000222e-01
1.658749999999999947e-01
1.661250000000000226e-01
1.663749999999999951e-01
1.666250000000000231e-01
1.668749999999999956e-01
1.671250000000000235e-01
1.673749999999999960e-01
1.676250000000000240e-01
1.678749999999999964e-01
1.681250000000000244e-01
1.683749999999999969e-01
1.686250000000000249e-01
1.688749999999999973e-01
1.691250000000000253e-01
1.693749999999999978e-01
1.696250000000000258e-01
1.698749999999999982e-01
1.701250000000000262e-01
1.703749999999999987e-01
1.706250000000000266e-01
1.708749999999999991e-01
1.711250000000000271e-01
1.713749999999999996e-01
1.716250000000000275e-01
1.718750000000000000e-01
1.721250000000000280e-01
1.723750000000000004e-01
1.726250000000000284e-01
1.728750000000000009e-01
1.731250000000000289e-01
1.733750000000000013e-01
1.736250000000000293e-01
1.738750000000000018e-01
1.741250000000000298e-01
1.743750000000000022e-01
1.746250000000000302e-01
1.748750000000000027e-01
1.751250000000000306e-01
1.753750000000000031e-01
1.756250000000000311e-01
1.758750000000000036e-01
1.761249999999999760e-01
1.763750000000000040e-01
1.766249999999999765e-01
1.768750000000000044e-01
1.771249999999999769e-01
1.773750000000000049e-01
1.776249999999999774e-01
1.778750000000000053e-01
1.781249999999999778e-01
1.783750000000000058e-01
1.786249999999999782e-01
1.788750000000000062e-01
1.791249999999999787e-01
1.793750000000000067e-01
1.796249999999999791e-01
1.798750000000000071e-01
1.801249999999999796e-01
1.803750000000000075e-01
1.806249999999999800e-01
1.808750000000000080e-01
1.811249999999999805e-01
1.813750000000000084e-01
1.816249999999999809e-01
1.818750000000000089e-01
1.821249999999999813e-01
1.823750000000000093e-01
1.826249999999999818e-01
1.828750000000000098e-01
1.831249999999999822e-01
1.833750000000000102e-01
1.836249999999999827e-01
1.838750000000000107e-01
1.841249999999999831e-01
1.843750000000000111e-01
1.846249999999999836e-01
1.848750000000000115e-01
1.851249999999999840e-01
1.853750000000000120e-01
1.856249999999999845e-01
1.858750000000000124e-01
1.861249999999999849e-01
1.863750000000000129e-01
1.866249999999999853e-01
1.868750000000000133e-01
1.871249999999999858e-01
1.873750000000000138e-01
1.876249999999999862e-01
1.878750000000000142e-01
1.881249999999999867e-01
1.883750000000000147e-01
1.886249999999999871e-01
1.888750000000000151e-01
1.891249999999999876e-01
1.893750000000000155e-01
1.896249999999999880e-01
1.898750000000000160e-01
1.901249999999999885e-01
1.903750000000000164e-01
1.906249999999999889e-01
1.908750000000000169e-01
1.911249999999999893e-01
1.913750000000000173e-01
1.916249999999999898e-01
1.918750000000000178e-01
1.921249999999999902e-01
1.923750000000000182e-01
1.926249999999999907e-01
1.928750000000000187e-01
1.931249999999999911e-01
1.933750000000000191e-01
1.936249999999999916e-01
1.938750000000000195e-01
1.941249999999999920e-01
1.943750000000000200e-01
1.946249999999999925e-01
1.948750000000000204e-01
1.951249999999999929e-01
1.953750000000000209e-01
1.956249999999999933e-01
1.958750000000000213e-01
1.961249999999999938e-01
1.963750000000000218e-01
1.966249999999999942e-01
1.968750000000000222e-01
1.971249999999999947e-01
1.973750000000000226e-01
1.976249999999999951e-01
1.978750000000000231e-01
1.981249999999999956e-01
1.983750000000000235e-01
1.986249999999999960e-01
1.988750000000000240e-01
1.991249999999999964e-01
1.993750000000000244e-01
1.996249999999999969e-01
1.998750000000000249e-01
2.001249999999999973e-01
2.003750000000000253e-01
2.006249999999999978e-01
2.008750000000000258e-01
2.011249999999999982e-01
2.013750000000000262e-01
2.016249999999999987e-01
2.018750000000000266e-01
2.021249999999999991e-01
2.023750000000000271e-01
2.026249999999999996e-01
2.028750000000000275e-01
2.031250000000000000e-01
2.033750000000000280e-01
2.036250000000000004e-01
2.038750000000000284e-01
2.041250000000000009e-01
2.043750000000000289e-01
2.046250000000000013e-01
2.048750000000000293e-01
2.051250000000000018e-01
2.053750000000000298e-01
2.056250000000000022e-01
2.058750000000000302e-01
2.061250000000000027e-01
2.063750000000000306e-01
2.066250000000000031e-01
2.068750000000000311e-01
2.071250000000000036e-01
2.073750000000000315e-01
2.076250000000000040e-01
2.078750000000000320e-01
2.081250000000000044e-01
2.083749999999999769e-01
2.086250000000000049e-01
2.088749999999999774e-01
2.091250000000000053e-01
2.093749999999999778e-01
2.096250000000000058e-01
2.098749999999999782e-01
2.101250000000000062e-01
2.103749999999999787e-01
2.106250000000000067e-01
2.108749999999999791e-01
2.111250000000000071e-01
2.113749999999999796e-01
2.116250000000000075e-01
2.118749999999999800e-01
2.121250000000000080e-01
2.123749999999999805e-01
2.126250000000000084e-01
2.128749999999999809e-01
2.131250000000000089e-01
2.133749999999999813e-01
2.136250000000000093e-01
2.138749999999999818e-01
2.141250000000000098e-01
2.143749999999999822e-01
2.146250000000000102e-01
2.148749999999999827e-01
2.151250000000000107e-01
2.153749999999999831e-01
2.156250000000000111e-01
2.158749999999999836e-01
2.161250000000000115e-01
2.163749999999999840e-01
2.166250000000000120e-01
2.168749999999999845e-01
2.171250000000000124e-01
2.173749999999999849e-01
2.176250000000000129e-01
2.178749999999999853e-01
2.181250000000000133e-01
2.183749999999999858e-01
2.186250000000000138e-01
2.188749999999999862e-01
2.191250000000000142e-01
2.193749999999999867e-01
2.196250000000000147e-01
2.198749999999999871e-01
2.201250000000000151e-01
2.203749999999999876e-01
2.206250000000000155e-01
2.208749999999999880e-01
2.211250000000000160e-01
2.213749999999999885e-01
2.216250000000000164e-01
2.218749999999999889e-01
2.221250000000000169e-01
2.223749999999999893e-01
2.226250000000000173e-01
2.228749999999999898e-01
2.231250000000000178e-01
2.233749999999999902e-01
2.236250000000000182e-01
2.238749999999999907e-01
2.241250000000000187e-01
2.243749999999999911e-01
2.246250000000000191e-01
2.248749999999999916e-01
2.251250000000000195e-01
2.253749999999999920e-01
2.256250000000000200e-01
2.258749999999999925e-01
2.261250000000000204e-01
2.263749999999999929e-01
2.266250000000000209e-01
2.268749999999999933e-01
2.271250000000000213e-01
2.273749999999999938e-01
2.276250000000000218e-01
2.278749999999999942e-01
2.281250000000000222e-01
2.283749999999999947e-01
2.286250000000000226e-01
2.288749999999999951e-01
2.291250000000000231e-01
2.293749999999999956e-01
2.296250000000000235e-01
2.298749999999999960e-01
2.301250000000000240e-01
2.303749999999999964e-01
2.306250000000000244e-01
2.308749999999999969e-01
2.311250000000000249e-01
2.313749999999999973e-01
2.316250000000000253e-01
2.318749999999999978e-01
2.321250000000000258e-01
2.323749999999999982e-01
2.326250000000000262e-01
2.328749999999999987e-01
2.331250000000000266e-01
2.333749999999999991e-01
2.336250000000000271e-01
2.338749999999999996e-01
2.341250000000000275e-01
2.343750000000000000e-01
2.346250000000000280e-01
2.348750000000000004e-01
2.351250000000000284e-01
2.353750000000000009e-01
2.356250000000000289e-01
2.358750000000000013e-01
2.361250000000000293e-01
2.363750000000000018e-01
2.366250000000000298e-01
2.368750000000000022e-01
2.371250000000000302e-01
2.373750000000000027e-01
2.376250000000000306e-01
2.378750000000000031e-01
2.381250000000000311e-01
2.383750000000000036e-01
2.386250000000000315e-01
2.388750000000000040e-01
2.391250000000000320e-01
2.393750000000000044e-01
2.396250000000000324e-01
2.398750000000000049e-01
2.401249999999999774e-01
2.403750000000000053e-01
2.406249999999999778e-01
2.408750000000000058e-01
2.411249999999999782e-01
2.413750000000000062e-01
2.416249999999999787e-01
2.418750000000000067e-01
2.421249999999999791e-01
2.423750000000000071e-01
2.426249999999999796e-01
2.428750000000000075e-01
2.431249999999999800e-01
2.433750000000000080e-01
2.436249999999999805e-01
2.438750000000000084e-01
2.441249999999999809e-01
2.443750000000000089e-01
2.446249999999999813e-01
2.448750000000000093e-01
2.451249999999999818e-01
2.453750000000000098e-01
2.456249999999999822e-01
2.458750000000000102e-01
2.461249999999999827e-01
2.463750000000000107e-01
2.466249999999999831e-01
2.468750000000000111e-01
2.471249999999999836e-01
2.473750000000000115e-01
2.476249999999999840e-01
2.478750000000000120e-01
2.481249999999999845e-01
2.483750000000000124e-01
2.486249999999999849e-01
2.488750000000000129e-01
2.491249999999999853e-01
2.493750000000000133e-01
2.496249999999999858e-01
2.498750000000000138e-01
2.501250000000000417e-01
2.503750000000000142e-01
2.506249999999999867e-01
2.508750000000000147e-01
2.511250000000000426e-01
2.513750000000000151e-01
2.516249999999999876e-01
2.518750000000000155e-01
2.521250000000000435e-01
2.523750000000000160e-01
2.526249999999999885e-01
2.528750000000000164e-01
2.531250000000000444e-01
2.533750000000000169e-01
2.536249999999999893e-01
2.538750000000000173e-01
2.541250000000000453e-01
2.543750000000000178e-01
2.546249999999999902e-01
2.548750000000000182e-01
2.551250000000000462e-01
2.553750000000000187e-01
2.556249999999999911e-01
2.558750000000000191e-01
2.561249999999999916e-01
2.563750000000000195e-01
2.566249999999999920e-01
2.568749999999999645e-01
2.571249999999999925e-01
2.573750000000000204e-01
2.576249999999999929e-01
2.578749999999999654e-01
2.581249999999999933e-01
2.583750000000000213e-01
2.586249999999999938e-01
2.588749999999999662e-01
2.591249999999999942e-01
2.593750000000000222e-01
2.596249999999999947e-01
2.598749999999999671e-01
2.601249999999999951e-01
2.603750000000000231e-01
2.606249999999999956e-01
2.608749999999999680e-01
2.611249999999999960e-01
2.613750000000000240e-01
2.616249999999999964e-01
2.618749999999999689e-01
2.621249999999999969e-01
2.623750000000000249e-01
2.626249999999999973e-01
2.628749999999999698e-01
2.631249999999999978e-01
2.633750000000000258e-01
2.636249999999999982e-01
2.638749999999999707e-01
2.641249999999999987e-01
2.643750000000000266e-01
2.646249999999999991e-01
2.648749999999999716e-01
2.651249999999999996e-01
2.653750000000000275e-01
2.656250000000000000e-01
2.658749999999999725e-01
2.661250000000000004e-01
2.663750000000000284e-01
2.666250000000000009e-01
2.668749999999999734e-01
2.671250000000000013e-01
2.673750000000000293e-01
2.676250000000000018e-01
2.678749999999999742e-01
2.681250000000000022e-01
2.683750000000000302e-01
2.686250000000000027e-01
2.688749999999999751e-01
2.691250000000000031e-01
2.693750000000000311e-01
2.696250000000000036e-01
2.698749999999999760e-01
2.701250000000000040e-01
2.703750000000000320e-01
2.706250000000000044e-01
2.708749999999999769e-01
2.711250000000000049e-01
2.713750000000000329e-01
2.716250000000000053e-01
2.718749999999999778e-01
2.721250000000000058e-01
2.723750000000000338e-01
2.726250000000000062e-01
2.728749999999999787e-01
2.731250000000000067e-01
2.733750000000000346e-01
2.736250000000000071e-01
2.738749999999999796e-01
2.741250000000000075e-01
2.743750000000000355e-01
2.746250000000000080e-01
2.748749999999999805e-01
2.751250000000000084e-01
2.753750000000000364e-01
2.756250000000000089e-01
2.758749999999999813e-01
2.761250000000000093e-01
2.763750000000000373e-01
2.766250000000000098e-01
2.768749999999999822e-01
2.771250000000000102e-01
2.773750000000000382e-01
2.776250000000000107e-01
2.778749999999999831e-01
2.781250000000000111e-01
2.783750000000000391e-01
2.786250000000000115e-01
2.788749999999999840e-01
2.791250000000000120e-01
2.793750000000000400e-01
2.796250000000000124e-01
2.798749999999999849e-01
2.801250000000000129e-01
2.803750000000000409e-01
2.806250000000000133e-01
2.808749999999999858e-01
2.811250000000000138e-01
2.813750000000000417e-01
2.816250000000000142e-01
2.818749999999999867e-01
2.821250000000000147e-01
2.823750000000000426e-01
2.826250000000000151e-01
2.828749999999999876e-01
2.831250000000000155e-01
2.833750000000000435e-01
2.836250000000000160e-01
2.838749999999999885e-01
2.841250000000000164e-01
2.843750000000000444e-01
2.846250000000000169e-01
2.848749999999999893e-01
2.851250000000000173e-01
2.853750000000000453e-01
2.856250000000000178e-01
2.858749999999999902e-01
2.861250000000000182e-01
2.863750000000000462e-01
2.866250000000000187e-01
2.868749999999999911e-01
2.871250000000000191e-01
2.873750000000000471e-01
2.876250000000000195e-01
2.878749999999999920e-01
2.881250000000000200e-01
2.883749999999999925e-01
2.886250000000000204e-01
2.888749999999999929e-01
2.891249999999999654e-01
2.893749999999999933e-01
2.896250000000000213e-01
2.898749999999999938e-01
2.901249999999999662e-01
2.903749999999999942e-01
2.906250000000000222e-01
2.908749999999999947e-01
2.911249999999999671e-01
2.913749999999999951e-01
2.916250000000000231e-01
2.918749999999999956e-01
2.921249999999999680e-01
2.923749999999999960e-01
2.926250000000000240e-01
2.928749999999999964e-01
2.931249999999999689e-01
2.933749999999999969e-01
2.936250000000000249e-01
2.938749999999999973e-01
2.941249999999999698e-01
2.943749999999999978e-01
2.946250000000000258e-01
2.948749999999999982e-01
2.951249999999999707e-01
2.953749999999999987e-01
2.956250000000000266e-01
2.958749999999999991e-01
2.961249999999999716e-01
2.963749999999999996e-01
2.966250000000000275e-01
2.968750000000000000e-01
2.971249999999999725e-01
2.973750000000000004e-01
2.976250000000000284e-01
2.978750000000000009e-01
2.981249999999999734e-01
2.983750000000000013e-01
2.986250000000000293e-01
2.988750000000000018e-01
2.991249999999999742e-01
2.993750000000000022e-01
2.996250000000000302e-01
2.998750000000000027e-01
3.001249999999999751e-01
3.003750000000000031e-01
3.006250000000000311e-01
3.008750000000000036e-01
3.011249999999999760e-01
3.013750000000000040e-01
3.016250000000000320e-01
3.018750000000000044e-01
3.021249999999999769e-01
3.023750000000000049e-01
3.026250000000000329e-01
3.028750000000000053e-01
3.031249999999999778e-01
3.033750000000000058e-01
3.036250000000000338e-01
3.038750000000000062e-01
3.041249999999999787e-01
3.043750000000000067e-01
3.046250000000000346e-01
3.048750000000000071e-01
3.051249999999999796e-01
3.053750000000000075e-01
3.056250000000000355e-01
3.058750000000000080e-01
3.061249999999999805e-01
3.063750000000000084e-01
3.066250000000000364e-01
3.068750000000000089e-01
3.071249999999999813e-01
3.073750000000000093e-01
3.076250000000000373e-01
3.078750000000000098e-01
3.081249999999999822e-01
3.083750000000000102e-01
3.086250000000000382e-01
3.088750000000000107e-01
3.091249999999999831e-01
3.093750000000000111e-01
3.096250000000000391e-01
3.098750000000000115e-01
3.101249999999999840e-01
3.103750000000000120e-01
3.106250000000000400e-01
3.108750000000000124e-01
3.111249999999999849e-01
3.113750000000000129e-01
3.116250000000000409e-01
3.118750000000000133e-01
3.121249999999999858e-01
3.123750000000000138e-01
3.126250000000000417e-01
3.128750000000000142e-01
3.131249999999999867e-01
3.133750000000000147e-01
3.136250000000000426e-01
3.138750000000000151e-01
3.141249999999999876e-01
3.143750000000000155e-01
3.146250000000000435e-01
3.148750000000000160e-01
3.151249999999999885e-01
3.153750000000000164e-01
3.156250000000000444e-01
3.158750000000000169e-01
3.161249999999999893e-01
3.163750000000000173e-01
3.166250000000000453e-01
3.168750000000000178e-01
3.171249999999999902e-01
3.173750000000000182e-01
3.176250000000000462e-01
3.178750000000000187e-01
3.181249999999999911e-01
3.183750000000000191e-01
3.186250000000000471e-01
3.188750000000000195e-01
3.191249999999999920e-01
3.193750000000000200e-01
3.196250000000000480e-01
3.198750000000000204e-01
3.201249999999999929e-01
3.203749999999999654e-01
3.206249999999999933e-01
3.208750000000000213e-01
3.211249999999999938e-01
3.213749999999999662e-01
3.216249999999999942e-01
3.218750000000000222e-01
3.221249999999999947e-01
3.223749999999999671e-01
3.226249999999999951e-01
3.228750000000000231e-01
3.231249999999999956e-01
3.233749999999999680e-01
3.236249999999999960e-01
3.238750000000000240e-01
3.241249999999999964e-01
3.243749999999999689e-01
3.246249999999999969e-01
3.248750000000000249e-01
3.251249999999999973e-01
3.253749999999999698e-01
3.256249999999999978e-01
3.258750000000000258e-01
3.261249999999999982e-01
3.263749999999999707e-01
3.266249999999999987e-01
3.268750000000000266e-01
3.271249999999999991e-01
3.273749999999999716e-01
3.276249999999999996e-01
3.278750000000000275e-01
3.281250000000000000e-01
3.283749999999999725e-01
3.286250000000000004e-01
3.288750000000000284e-01
3.291250000000000009e-01
3.293749999999999734e-01
3.296250000000000013e-01
3.298750000000000293e-01
3.301250000000000018e-01
3.303749999999999742e-01
3.306250000000000022e-01
3.308750000000000302e-01
3.311250000000000027e-01
3.313749999999999751e-01
3.316250000000000031e-01
3.318750000000000311e-01
3.321250000000000036e-01
3.323749999999999760e-01
3.326250000000000040e-01
3.328750000000000320e-01
3.331250000000000044e-01
3.333749999999999769e-01
3.336250000000000049e-01
3.338750000000000329e-01
3.341250000000000053e-01
3.343749999999999778e-01
3.346250000000000058e-01
3.348750000000000338e-01
3.351250000000000062e-01
3.353749999999999787e-01
3.356250000000000067e-01
3.358750000000000346e-01
3.361250000000000071e-01
3.363749999999999796e-01
3.366250000000000075e-01
3.368750000000000355e-01
3.371250000000000080e-01
3.373749999999999805e-01
3.376250000000000084e-01
3.378750000000000364e-01
3.381250000000000089e-01
3.383749999999999813e-01
3.386250000000000093e-01
3.388750000000000373e-01
3.391250000000000098e-01
3.393749999999999822e-01
3.396250000000000102e-01
3.398750000000000382e-01
3.401250000000000107e-01
3.403749999999999831e-01
3.406250000000000111e-01
3.408750000000000391e-01
3.411250000000000115e-01
3.413749999999999840e-01
3.416250000000000120e-01
3.418750000000000400e-01
3.421250000000000124e-01
3.423749999999999849e-01
3.426250000000000129e-01
3.428750000000000409e-01
3.431250000000000133e-01
3.433749999999999858e-01
3.436250000000000138e-01
3.438750000000000417e-01
3.441250000000000142e-01
3.443749999999999867e-01
3.446250000000000147e-01
3.448750000000000426e-01
3.451250000000000151e-01
3.453749999999999876e-01
3.456250000000000155e-01
3.458750000000000435e-01
3.461250000000000160e-01
3.463749999999999885e-01
3.466250000000000164e-01
3.468750000000000444e-01
3.471250000000000169e-01
3.473749999999999893e-01
3.476250000000000173e-01
3.478750000000000453e-01
3.481250000000000178e-01
3.483749999999999902e-01
3.486250000000000182e-01
3.488750000000000462e-01
3.491250000000000187e-01
3.493749999999999911e-01
3.496250000000000191e-01
3.498750000000000471e-01
3.501250000000000195e-01
3.503749999999999920e-01
3.506250000000000200e-01
3.508750000000000480e-01
3.511250000000000204e-01
3.513749999999999929e-01
3.516250000000000209e-01
3.518749999999999933e-01
3.521250000000000213e-01
3.523749999999999938e-01
3.526249999999999662e-01
3.528749999999999942e-01
3.531250000000000222e-01
3.533749999999999947e-01
3.536249999999999671e-01
3.538749999999999951e-01
3.541250000000000231e-01
3.543749999999999956e-01
3.546249999999999680e-01
3.548749999999999960e-01
3.551250000000000240e-01
3.553749999999999964e-01
3.556249999999999689e-01
3.558749999999999969e-01
3.561250000000000249e-01
3.563749999999999973e-01
3.566249999999999698e-01
3.568749999999999978e-01
3.571250000000000258e-01
3.573749999999999982e-01
3.576249999999999707e-01
3.578749999999999987e-01
3.581250000000000266e-01
3.583749999999999991e-01
3.586249999999999716e-01
3.588749999999999996e-01
3.591250000000000275e-01
3.593750000000000000e-01
3.596249999999999725e-01
3.598750000000000004e-01
3.601250000000000284e-01
3.603750000000000009e-01
3.606249999999999734e-01
3.608750000000000013e-01
3.611250000000000293e-01
3.613750000000000018e-01
3.616249999999999742e-01
3.618750000000000022e-01
3.621250000000000302e-01
3.623750000000000027e-01
3.626249999999999751e-01
3.628750000000000031e-01
3.631250000000000311e-01
3.633750000000000036e-01
3.636249999999999760e-01
3.638750000000000040e-01
3.641250000000000320e-01
3.643750000000000044e-01
3.646249999999999769e-01
3.648750000000000049e-01
3.651250000000000329e-01
3.653750000000000053e-01
3.656249999999999778e-01
3.658750000000000058e-01
3.661250000000000338e-01
3.663750000000000062e-01
3.666249999999999787e-01
3.668750000000000067e-01
3.671250000000000346e-01
3.673750000000000071e-01
3.676249999999999796e-01
3.678750000000000075e-01
3.681250000000000355e-01
3.683750000000000080e-01
3.686249999999999805e-01
3.688750000000000084e-01
3.691250000000000364e-01
3.693750000000000089e-01
3.696249999999999813e-01
3.698750000000000093e-01
3.701250000000000373e-01
3.703750000000000098e-01
3.706249999999999822e-01
3.708750000000000102e-01
3.711250000000000382e-01
3.713750000000000107e-01
3.716249999999999831e-01
3.718750000000000111e-01
3.721250000000000391e-01
3.723750000000000115e-01
3.726249999999999840e-01
3.728750000000000120e-01
3.731250000000000400e-01
3.733750000000000124e-01
3.736249999999999849e-01
3.738750000000000129e-01
3.741250000000000409e-01
3.743750000000000133e-01
3.746249999999999858e-01
3.748750000000000138e-01
3.751250000000000417e-01
3.753750000000000142e-01
3.756249999999999867e-01
3.758750000000000147e-01
3.761250000000000426e-01
3.763750000000000151e-01
3.766249999999999876e-01
3.768750000000000155e-01
3.771250000000000435e-01
3.773750000000000160e-01
3.776249999999999885e-01
3.778750000000000164e-01
3.781250000000000444e-01
3.783750000000000169e-01
3.786249999999999893e-01
3.788750000000000173e-01
3.791250000000000453e-01
3.793750000000000178e-01
3.796249999999999902e-01
3.798750000000000182e-01
3.801250000000000462e-01
3.803750000000000187e-01
3.806249999999999911e-01
3.808750000000000191e-01
3.811250000000000471e-01
3.813750000000000195e-01
3.816249999999999920e-01
3.818750000000000200e-01
3.821250000000000480e-01
3.823750000000000204e-01
3.826249999999999929e-01
3.828750000000000209e-01
3.831250000000000488e-01
3.833750000000000213e-01
3.836249999999999938e-01
3.838750000000000218e-01
3.841249999999999942e-01
3.843750000000000222e-01
3.846249999999999947e-01
3.848749999999999671e-01
3.851249999999999951e-01
3.853750000000000231e-01
3.856249999999999956e-01
3.858749999999999680e-01
3.861249999999999960e-01
3.863750000000000240e-01
3.866249999999999964e-01
3.868749999999999689e-01
3.871249999999999969e-01
3.873750000000000249e-01
3.876249999999999973e-01
3.878749999999999698e-01
3.881249999999999978e-01
3.883750000000000258e-01
3.886249999999999982e-01
3.888749999999999707e-01
3.891249999999999987e-01
3.893750000000000266e-01
3.896249999999999991e-01
3.898749999999999716e-01
3.901249999999999996e-01
3.903750000000000275e-01
3.906250000000000000e-01
3.908749999999999725e-01
3.911250000000000004e-01
3.913750000000000284e-01
3.916250000000000009e-01
3.918749999999999734e-01
3.921250000000000013e-01
3.923750000000000293e-01
3.926250000000000018e-01
3.928749999999999742e-01
3.931250000000000022e-01
3.933750000000000302e-01
3.936250000000000027e-01
3.938749999999999751e-01
3.941250000000000031e-01
3.943750000000000311e-01
3.946250000000000036e-01
3.948749999999999760e-01
3.951250000000000040e-01
3.953750000000000320e-01
3.956250000000000044e-01
3.958749999999999769e-01
3.961250000000000049e-01
3.963750000000000329e-01
3.966250000000000053e-01
3.968749999999999778e-01
3.971250000000000058e-01
3.973750000000000338e-01
3.976250000000000062e-01
3.978749999999999787e-01
3.981250000000000067e-01
3.983750000000000346e-01
3.986250000000000071e-01
3.988749999999999796e-01
3.991250000000000075e-01
3.993750000000000355e-01
3.996250000000000080e-01
3.998749999999999805e-01
4.001250000000000084e-01
4.003750000000000364e-01
4.006250000000000089e-01
4.008749999999999813e-01
4.011250000000000093e-01
4.013750000000000373e-01
4.016250000000000098e-01
4.018749999999999822e-01
4.021250000000000102e-01
4.023750000000000382e-01
4.026250000000000107e-01
4.028749999999999831e-01
4.031250000000000111e-01
4.033750000000000391e-01
4.036250000000000115e-01
4.038749999999999840e-01
4.041250000000000120e-01
4.043750000000000400e-01
4.046250000000000124e-01
4.048749999999999849e-01
4.051250000000000129e-01
4.053750000000000409e-01
4.056250000000000133e-01
4.058749999999999858e-01
4.061250000000000138e-01
4.063750000000000417e-01
4.066250000000000142e-01
4.068749999999999867e-01
4.071250000000000147e-01
4.073750000000000426e-01
4.076250000000000151e-01
4.078749999999999876e-01
4.081250000000000155e-01
4.083750000000000435e-01
4.086250000000000160e-01
4.088749999999999885e-01
4.091250000000000164e-01
4.093750000000000444e-01
4.096250000000000169e-01
4.098749999999999893e-01
4.101250000000000173e-01
4.103750000000000453e-01
4.106250000000000178e-01
4.108749999999999902e-01
4.111250000000000182e-01
4.113750000000000462e-01
4.116250000000000187e-01
4.118749999999999911e-01
4.121250000000000191e-01
4.123750000000000471e-01
4.126250000000000195e-01
4.128749999999999920e-01
4.131250000000000200e-01
4.133750000000000480e-01
4.136250000000000204e-01
4.138749999999999929e-01
4.141250000000000209e-01
4.143750000000000488e-01
4.146250000000000213e-01
4.148749999999999938e-01
4.151250000000000218e-01
4.153750000000000497e-01
4.156250000000000222e-01
4.158749999999999947e-01
4.161250000000000226e-01
4.163749999999999951e-01
4.166250000000000231e-01
4.168749999999999956e-01
4.171249999999999680e-01
4.173749999999999960e-01
4.176250000000000240e-01
4.178749999999999964e-01
4.181249999999999689e-01
4.183749999999999969e-01
4.186250000000000249e-01
4.188749999999999973e-01
4.191249999999999698e-01
4.193749999999999978e-01
4.196250000000000258e-01
4.198749999999999982e-01
4.201249999999999707e-01
4.203749999999999987e-01
4.206250000000000266e-01
4.208749999999999991e-01
4.211249999999999716e-01
4.213749999999999996e-01
4.216250000000000275e-01
4.218750000000000000e-01
4.221249999999999725e-01
4.223750000000000004e-01
4.226250000000000284e-01
4.228750000000000009e-01
4.231249999999999734e-01
4.233750000000000013e-01
4.236250000000000293e-01
4.238750000000000018e-01
4.241249999999999742e-01
4.243750000000000022e-01
4.246250000000000302e-01
4.248750000000000027e-01
4.251249999999999751e-01
4.253750000000000031e-01
4.256250000000000311e-01
4.258750000000000036e-01
4.261249999999999760e-01
4.263750000000000040e-01
4.266250000000000320e-01
4.268750000000000044e-01
4.271249999999999769e-01
4.273750000000000049e-01
4.276250000000000329e-01
4.278750000000000053e-01
4.281249999999999778e-01
4.283750000000000058e-01
4.286250000000000338e-01
4.288750000000000062e-01
4.291249999999999787e-01
4.293750000000000067e-01
4.296250000000000346e-01
4.298750000000000071e-01
4.301249999999999796e-01
4.303750000000000075e-01
4.306250000000000355e-01
4.308750000000000080e-01
4.311249999999999805e-01
4.313750000000000084e-01
4.316250000000000364e-01
4.318750000000000089e-01
4.321249999999999813e-01
4.323750000000000093e-01
4.326250000000000373e-01
4.328750000000000098e-01
4.331249999999999822e-01
4.333750000000000102e-01
4.336250000000000382e-01
4.338750000000000107e-01
4.341249999999999831e-01
4.343750000000000111e-01
4.346250000000000391e-01
4.348750000000000115e-01
4.351249999999999840e-01
4.353750000000000120e-01
4.356250000000000400e-01
4.358750000000000124e-01
4.361249999999999849e-01
4.363750000000000129e-01
4.366250000000000409e-01
4.368750000000000133e-01
4.371249999999999858e-01
4.373750000000000138e-01
4.376250000000000417e-01
4.378750000000000142e-01
4.381249999999999867e-01
4.383750000000000147e-01
4.386250000000000426e-01
4.388750000000000151e-01
4.391249999999999876e-01
4.393750000000000155e-01
4.396250000000000435e-01
4.398750000000000160e-01
4.401249999999999885e-01
4.403750000000000164e-01
4.406250000000000444e-01
4.408750000000000169e-01
4.411249999999999893e-01
4.413750000000000173e-01
4.416250000000000453e-01
4.418750000000000178e-01
4.421249999999999902e-01
4.423750000000000182e-01
4.426250000000000462e-01
4.428750000000000187e-01
4.431249999999999911e-01
4.433750000000000191e-01
4.436250000000000471e-01
4.438750000000000195e-01
4.441249999999999920e-01
4.443750000000000200e-01
4.446250000000000480e-01
4.448750000000000204e-01
4.451249999999999929e-01
4.453750000000000209e-01
4.456250000000000488e-01
4.458750000000000213e-01
4.461249999999999938e-01
4.463750000000000218e-01
4.466250000000000497e-01
4.468750000000000222e-01
4.471249999999999947e-01
4.473750000000000226e-01
4.476250000000000506e-01
4.478750000000000231e-01
4.481249999999999956e-01
4.483749999999999680e-01
4.486249999999999960e-01
4.488750000000000240e-01
4.491249999999999964e-01
4.493749999999999689e-01
4.496249999999999969e-01
4.498750000000000249e-01
4.501249999999999973e-01
4.503749999999999698e-01
4.506249999999999978e-01
4.508750000000000258e-01
4.511249999999999982e-01
4.513749999999999707e-01
4.516249999999999987e-01
4.518750000000000266e-01
4.521249999999999991e-01
4.523749999999999716e-01
4.526249999999999996e-01
4.528750000000000275e-01
4.531250000000000000e-01
4.533749999999999725e-01
4.536250000000000004e-01
4.538750000000000284e-01
4.541250000000000009e-01
4.543749999999999734e-01
4.546250000000000013e-01
4.548750000000000293e-01
4.551250000000000018e-01
4.553749999999999742e-01
4.556250000000000022e-01
4.558750000000000302e-01
4.561250000000000027e-01
4.563749999999999751e-01
4.566250000000000031e-01
4.568750000000000311e-01
4.571250000000000036e-01
4.573749999999999760e-01
4.576250000000000040e-01
4.578750000000000320e-01
4.581250000000000044e-01
4.583749999999999769e-01
4.586250000000000049e-01
4.588750000000000329e-01
4.591250000000000053e-01
4.593749999999999778e-01
4.596250000000000058e-01
4.598750000000000338e-01
4.601250000000000062e-01
4.603749999999999787e-01
4.606250000000000067e-01
4.608750000000000346e-01
4.611250000000000071e-01
4.613749999999999796e-01
4.616250000000000075e-01
4.618750000000000355e-01
4.621250000000000080e-01
4.623749999999999805e-01
4.626250000000000084e-01
4.628750000000000364e-01
4.631250000000000089e-01
4.633749999999999813e-01
4.636250000000000093e-01
4.638750000000000373e-01
4.641250000000000098e-01
4.643749999999999822e-01
4.646250000000000102e-01
4.648750000000000382e-01
4.651250000000000107e-01
4.653749999999999831e-01
4.656250000000000111e-01
4.658750000000000391e-01
4.661250000000000115e-01
4.663749999999999840e-01
4.666250000000000120e-01
4.668750000000000400e-01
4.671250000000000124e-01
4.673749999999999849e-01
4.676250000000000129e-01
4.678750000000000409e-01
4.681250000000000133e-01
4.683749999999999858e-01
4.686250000000000138e-01
4.688750000000000417e-01
4.691250000000000142e-01
4.693749999999999867e-01
4.696250000000000147e-01
4.698750000000000426e-01
4.701250000000000151e-01
4.703749999999999876e-01
4.706250000000000155e-01
4.708750000000000435e-01
4.711250000000000160e-01
4.713749999999999885e-01
4.716250000000000164e-01
4.718750000000000444e-01
4.721250000000000169e-01
4.723749999999999893e-01
4.726250000000000173e-01
4.728750000000000453e-01
4.731250000000000178e-01
4.733749999999999902e-01
4.736250000000000182e-01
4.738750000000000462e-01
4.741250000000000187e-01
4.743749999999999911e-01
4.746250000000000191e-01
4.748750000000000471e-01
4.751250000000000195e-01
4.753749999999999920e-01
4.756250000000000200e-01
4.758750000000000480e-01
4.761250000000000204e-01
4.763749999999999929e-01
4.766250000000000209e-01
4.768750000000000488e-01
4.771250000000000213e-01
4.773749999999999938e-01
4.776250000000000218e-01
4.778750000000000497e-01
4.781250000000000222e-01
4.783749999999999947e-01
4.786250000000000226e-01
4.788750000000000506e-01
4.791250000000000231e-01
4.793749999999999956e-01
4.796250000000000235e-01
4.798749999999999960e-01
4.801250000000000240e-01
4.803749999999999964e-01
4.806249999999999689e-01
4.808749999999999969e-01
4.811250000000000249e-01
4.813749999999999973e-01
4.816249999999999698e-01
4.818749999999999978e-01
4.821250000000000258e-01
4.823749999999999982e-01
4.826249999999999707e-01
4.828749999999999987e-01
4.831250000000000266e-01
4.833749999999999991e-01
4.836249999999999716e-01
4.838749999999999996e-01
4.841250000000000275e-01
4.843750000000000000e-01
4.846249999999999725e-01
4.848750000000000004e-01
4.851250000000000284e-01
4.853750000000000009e-01
4.856249999999999734e-01
4.858750000000000013e-01
4.861250000000000293e-01
4.863750000000000018e-01
4.866249999999999742e-01
4.868750000000000022e-01
4.871250000000000302e-01
4.873750000000000027e-01
4.876249999999999751e-01
4.878750000000000031e-01
4.881250000000000311e-01
4.883750000000000036e-01
4.886249999999999760e-01
4.888750000000000040e-01
4.891250000000000320e-01
4.893750000000000044e-01
4.896249999999999769e-01
4.898750000000000049e-01
4.901250000000000329e-01
4.903750000000000053e-01
4.906249999999999778e-01
4.908750000000000058e-01
4.911250000000000338e-01
4.913750000000000062e-01
4.916249999999999787e-01
4.918750000000000067e-01
4.921250000000000346e-01
4.923750000000000071e-01
4.926249999999999796e-01
4.928750000000000075e-01
4.931250000000000355e-01
4.933750000000000080e-01
4.936249999999999805e-01
4.938750000000000084e-01
4.941250000000000364e-01
4.943750000000000089e-01
4.946249999999999813e-01
4.948750000000000093e-01
4.951250000000000373e-01
4.953750000000000098e-01
4.956249999999999822e-01
4.958750000000000102e-01
4.961250000000000382e-01
4.963750000000000107e-01
4.966249999999999831e-01
4.968750000000000111e-01
4.971250000000000391e-01
4.973750000000000115e-01
4.976249999999999840e-01
4.978750000000000120e-01
4.981250000000000400e-01
4.983750000000000124e-01
4.986249999999999849e-01
4.988750000000000129e-01
4.991250000000000409e-01
4.993750000000000133e-01
4.996249999999999858e-01
4.998750000000000138e-01
