1.000000000000000000e+00 6.321396641115537562e-01 5.000000000000000409e-06
2.000000000000000000e+00 1.337377379106728270e+00 5.000000000000000409e-06
3.000000000000000000e+00 1.209805462662430608e+00 5.000000000000000409e-06
4.000000000000000000e+00 8.110252598000011748e-01 5.000000000000000409e-06
5.000000000000000000e+00 4.964954157243970934e-01 5.000000000000000409e-06
6.000000000000000000e+00 6.964179478995496941e-01 5.000000000000000409e-06
7.000000000000000000e+00 6.939179414040504978e-01 5.000000000000000409e-06
8.000000000000000000e+00 4.429643080135400313e-01 5.000000000000000409e-06
9.000000000000000000e+00 1.217920865814633213e+00 5.000000000000000409e-06
1.000000000000000000e+01 1.566293771784267985e+00 5.000000000000000409e-06
1.100000000000000000e+01 1.521787905643307237e+00 5.000000000000000409e-06
1.200000000000000000e+01 7.031438169887931355e-01 5.000000000000000409e-06
1.300000000000000000e+01 9.372377748204349102e-01 5.000000000000000409e-06
1.400000000000000000e+01 7.198739365777944155e-01 5.000000000000000409e-06
1.500000000000000000e+01 -7.527218383163680748e-02 5.000000000000000409e-06
1.600000000000000000e+01 -5.425123300159230277e-01 5.000000000000000409e-06
1.700000000000000000e+01 -1.106261370121355281e+00 5.000000000000000409e-06
1.800000000000000000e+01 -8.350753873656302506e-01 5.000000000000000409e-06
1.900000000000000000e+01 -1.615105673237706707e-01 5.000000000000000409e-06
2.000000000000000000e+01 -6.986263100086803624e-01 5.000000000000000409e-06
2.100000000000000000e+01 -5.248962981498028757e-02 5.000000000000000409e-06
2.200000000000000000e+01 -5.185338505121777075e-01 5.000000000000000409e-06
2.300000000000000000e+01 -9.823998894981796903e-01 5.000000000000000409e-06
2.400000000000000000e+01 -1.432648968664832045e+00 5.000000000000000409e-06
2.500000000000000000e+01 1.776155204043305957e-01 5.000000000000000409e-06
2.600000000000000000e+01 6.414914795642412404e-01 5.000000000000000409e-06
2.700000000000000000e+01 6.195241631186900744e-01 5.000000000000000409e-06
2.800000000000000000e+01 6.469963804476209779e-01 5.000000000000000409e-06
2.900000000000000000e+01 8.246492743462806585e-01 5.000000000000000409e-06
3.000000000000000000e+01 1.246293938388099320e+00 5.000000000000000409e-06
3.100000000000000000e+01 6.408340305733151165e-01 5.000000000000000409e-06
3.200000000000000000e+01 9.582784970052355966e-01 5.000000000000000409e-06
3.300000000000000000e+01 1.399794857491217126e+00 5.000000000000000409e-06
3.400000000000000000e+01 1.819593946973362630e+00 5.000000000000000409e-06
3.500000000000000000e+01 1.378388894830279598e+00 5.000000000000000409e-06
3.600000000000000000e+01 1.572111135552939354e+00 5.000000000000000409e-06
3.700000000000000000e+01 3.693118448819716071e-01 5.000000000000000409e-06
3.800000000000000000e+01 8.963387915760916425e-01 5.000000000000000409e-06
3.900000000000000000e+01 5.892944598422897862e-01 5.000000000000000409e-06
4.000000000000000000e+01 6.997981524034299072e-01 5.000000000000000409e-06
4.100000000000000000e+01 -1.880936984254760191e-01 5.000000000000000409e-06
4.200000000000000000e+01 -7.334423343810679841e-01 5.000000000000000409e-06
4.300000000000000000e+01 -1.066237063159613641e+00 5.000000000000000409e-06
4.400000000000000000e+01 -6.530291987168579393e-01 5.000000000000000409e-06
4.500000000000000000e+01 -9.508825864181864596e-01 5.000000000000000409e-06
4.600000000000000000e+01 -5.352819807547382069e-01 5.000000000000000409e-06
4.700000000000000000e+01 -2.741700916329682935e-01 5.000000000000000409e-06
4.800000000000000000e+01 4.684802206369821642e-02 5.000000000000000409e-06
4.900000000000000000e+01 -1.128297310240368445e-01 5.000000000000000409e-06
5.000000000000000000e+01 1.002931380285006391e+00 5.000000000000000409e-06
5.100000000000000000e+01 8.290116220551735360e-01 5.000000000000000409e-06
5.200000000000000000e+01 1.777065789832764087e-01 5.000000000000000409e-06
5.300000000000000000e+01 2.504568990281694774e-01 5.000000000000000409e-06
5.400000000000000000e+01 1.043236626196404782e+00 5.000000000000000409e-06
5.500000000000000000e+01 9.648713474545722590e-01 5.000000000000000409e-06
5.600000000000000000e+01 -4.995469464375419388e-01 5.000000000000000409e-06
5.700000000000000000e+01 8.613172590443191057e-01 5.000000000000000409e-06
5.800000000000000000e+01 8.757535034888931369e-01 5.000000000000000409e-06
5.900000000000000000e+01 9.370850812831801324e-01 5.000000000000000409e-06
6.000000000000000000e+01 1.099683296762514306e+00 5.000000000000000409e-06
6.100000000000000000e+01 1.459544092693604522e+00 5.000000000000000409e-06
6.200000000000000000e+01 1.090685015262950808e+00 5.000000000000000409e-06
6.300000000000000000e+01 1.050635734141616151e+00 5.000000000000000409e-06
6.400000000000000000e+01 1.242451821456903360e+00 5.000000000000000409e-06
6.500000000000000000e+01 1.768263497052567690e+00 5.000000000000000409e-06
6.600000000000000000e+01 9.677928125408221671e-01 5.000000000000000409e-06
6.700000000000000000e+01 -3.879339155641777781e-01 5.000000000000000409e-06
6.800000000000000000e+01 -4.974119049225829703e-01 5.000000000000000409e-06
6.900000000000000000e+01 -7.659803761673148470e-01 5.000000000000000409e-06
7.000000000000000000e+01 -1.216774391412070444e-01 5.000000000000000409e-06
7.100000000000000000e+01 7.221131239040903260e-01 5.000000000000000409e-06
7.200000000000000000e+01 8.743338451662447941e-01 5.000000000000000409e-06
7.300000000000000000e+01 3.824759535435597879e-01 5.000000000000000409e-06
7.400000000000000000e+01 3.854534846769190892e-01 5.000000000000000409e-06
7.500000000000000000e+01 1.287618836165149716e-02 5.000000000000000409e-06
7.600000000000000000e+01 -6.433440572774379307e-01 5.000000000000000409e-06
7.700000000000000000e+01 -5.836632543683569763e-01 5.000000000000000409e-06
7.800000000000000000e+01 -1.222267523209206619e+00 5.000000000000000409e-06
7.900000000000000000e+01 -8.927377994384707582e-01 5.000000000000000409e-06
8.000000000000000000e+01 -1.328492728086909103e-01 5.000000000000000409e-06
8.100000000000000000e+01 1.426713466047428991e-01 5.000000000000000409e-06
8.200000000000000000e+01 3.212681284971797835e-01 5.000000000000000409e-06
8.300000000000000000e+01 5.863679545140862981e-01 5.000000000000000409e-06
8.400000000000000000e+01 9.624918244205209195e-02 5.000000000000000409e-06
8.500000000000000000e+01 7.176566972682416612e-01 5.000000000000000409e-06
8.600000000000000000e+01 1.241948239023589640e+00 5.000000000000000409e-06
8.700000000000000000e+01 1.186374018811145570e+00 5.000000000000000409e-06
8.800000000000000000e+01 8.130091760971207560e-01 5.000000000000000409e-06
8.900000000000000000e+01 1.018086187707999857e+00 5.000000000000000409e-06
9.000000000000000000e+01 9.473618968828543263e-01 5.000000000000000409e-06
9.100000000000000000e+01 1.868443909163457928e+00 5.000000000000000409e-06
9.200000000000000000e+01 9.139855950465183287e-01 5.000000000000000409e-06
9.300000000000000000e+01 1.083955226782124193e+00 5.000000000000000409e-06
9.400000000000000000e+01 1.022672052378169605e-01 5.000000000000000409e-06
9.500000000000000000e+01 -1.168213988749133847e+00 5.000000000000000409e-06
9.600000000000000000e+01 -8.572639422014006749e-01 5.000000000000000409e-06
9.700000000000000000e+01 -7.560348876483680147e-01 5.000000000000000409e-06
9.800000000000000000e+01 5.141222014901756232e-01 5.000000000000000409e-06
9.900000000000000000e+01 1.006405927313430038e+00 5.000000000000000409e-06
1.000000000000000000e+02 3.812386137635681571e-01 5.000000000000000409e-06
