-7.276457611485021459e+00
1.655879407331771702e+01
-1.452744129249695959e+01
5.524515322110539195e+00
6.194402081067921229e-01
-3.386877260237146192e+00
3.862656155033624916e+00
-1.313065049707765608e+00
-8.834341868778615714e-01
3.728347558858092770e-01
3.663393052352269752e+00
-8.822077562820402008e+00
9.664527293427747523e+00
-4.660991351492953072e+00
-2.858180422782691243e-01
-3.153247953710244106e-02
-1.184654200525908196e+00
1.786362973129072551e-01
1.763879103699441675e+00
-8.239379788853971043e-01
6.684713045653407903e-02
6.169836789791023623e-02
-7.094227861382999656e+00
9.147085194414136922e+00
-6.323816866254557745e+00
3.110059801279818625e+00
-1.847363526228663178e+00
1.561018284846620308e+00
-2.357563155592818926e+00
2.112032864544540978e+00
-1.169909271839342929e-01
-3.220109029797383116e+00
7.302118318818513920e+00
-7.458041196111170557e+00
2.489378848540207745e+00
3.134463019972914655e+00
-4.013961977650084556e+00
1.043133833293755197e+00
-7.335980061695142329e-02
-3.629332702594466831e+00
7.402969474077252698e+00
-7.325093993262853154e+00
3.234040971136222797e+00
-4.931417765333512282e-01
7.333561629596861975e-01
-1.120190726323729180e+00
1.374225245412097340e+00
-1.578647874230328485e+00
2.005524986531530995e+00
-3.217291528092686814e+00
3.467710824224135013e+00
-5.706699463567220798e-01
-3.866045097496396465e+00
6.487108978562463157e+00
-6.033371798127875607e+00
3.664994550268627638e+00
-5.098155450070430694e-01
1.736239603887341360e-02
-7.976614030757173124e-01
2.217646465007587331e+00
-3.225291850712144637e+00
3.494462690397815319e+00
-3.425768797291918855e+00
4.243815938034579460e+00
-5.998440115947776263e+00
7.030059101620214079e+00
-5.430986614147617964e+00
1.825734652915846024e+00
5.649220854599578123e-01
-1.912227895854947901e+00
2.636523352030388345e+00
-1.203580475407856509e+00
1.039195668856199295e-01
-4.712530095433394295e-01
1.302462822387309149e+00
-3.865913011182008585e+00
2.842057584679225091e+00
7.018862988985653528e-01
-1.290751690134405161e+00
8.731473264939468848e-01
-1.248682078010034058e+00
-1.266126570697806653e+00
2.839706741950748459e+00
-1.227611213619292263e+00
-7.191363875440918152e-01
8.226633688714946047e+00
-1.426588481269971709e+01
1.148003487650506749e+01
-3.330208646243278725e+00
-4.119356477032828368e-01
-1.156789740547217588e-01
5.223503818005649002e+00
-9.414041799499980101e+00
6.653730260063822399e+00
-6.948849068477331442e-03
-1.091834774303648725e+00
1.879661755856181671e+00
-2.465888422986388662e+00
-6.804705750538257714e-03
1.425340143527286330e+00
-9.817315637418868590e-01
-1.409247755567257510e-01
2.125510709066320558e+00
-2.320732223533945149e+00
2.069542353431316872e+00
-2.329097188164591881e+00
1.222450504383449266e+00
-7.367602645256428329e-02
-6.583199220408944008e-01
6.374303738588510404e-01
-1.327258427294213616e+00
6.279882728359529764e+00
-8.146461323633943152e+00
4.172793150533315121e+00
2.720630350109880524e-01
-3.824838961773320556e-02
3.999538529171475232e-01
2.667509141428113129e+00
-6.213487571491832284e+00
4.453459879401287402e+00
-5.441810295013670418e-01
1.132220453881552374e-01
2.869654653116803789e-01
-3.098848928749579290e+00
4.083650992850587969e+00
-2.322729170399846943e+00
1.408185178734499277e-01
-4.858124736574048197e-01
-5.445114888538694908e-02
2.297579900905816763e-01
-5.570693755729828195e-02
1.260566598782904280e-01
-2.025531153293695097e-01
3.249608966144139632e-01
-3.165474600360992929e-01
9.143498279656249172e-01
-2.283535508363756072e+00
3.351393339178379449e+00
-3.605050728192351617e+00
3.884000599078397009e+00
-4.439298415215318094e+00
4.235262492618016239e+00
-2.007307908003069574e+00
-2.273471150709110988e-02
4.189428455359207604e-01
-9.126739125036973377e-01
3.292836015463993071e+00
-3.241914014160611313e+00
1.114448807667236307e+00
-4.890238061614739506e-01
1.022432096332840157e+00
-1.418291065328842970e+00
3.756920167107569153e+00
-3.579858056798756571e+00
2.922152026185436124e-01
1.275146568983611450e+00
-3.681106035157092893e-01
3.352415595281229566e-01
2.330807550890860114e+00
-5.218840306277383156e+00
5.062748544506680659e+00
-2.875026123389115451e+00
1.970815378704602994e+00
-2.558636803566580742e+00
3.758609720340808646e+00
-4.172238281271793525e+00
1.544021754189176310e+00
-3.231877161191801795e-01
1.002771588001329928e+00
-1.070573253844215644e+00
-2.053596021099742597e+00
4.113953285648462632e+00
-3.103171922419563078e+00
1.600338279493180194e+00
-2.024901940754235241e+00
1.747926875292269644e+00
-1.376367340219201152e+00
1.530242054718835565e+00
-1.506945357359062321e+00
1.480389245398753273e+00
-3.395435894890525691e-02
-1.997422307085064075e+00
1.991423491933081991e+00
-3.134378250756935103e-01
1.023650189458536336e-01
-4.306433960918341630e-01
2.078179839539168405e+00
-2.894378392989365611e+00
2.120247860268543505e+00
-4.704043719453543937e-01
-2.637874307199649326e+00
7.160306946224576308e+00
-7.041428586034469639e+00
2.274247935932599329e+00
4.168886649533108668e-02
-1.775401394879818628e-01
2.377669750853475539e-01
1.273473649411028585e+00
-5.437838082210586954e+00
6.806003683395303483e+00
-4.011489086761068634e+00
-2.010010417104060587e-01
1.686423267866783648e+00
1.387033450959128389e-01
-3.132167947541880437e+00
4.904181994638237896e+00
-4.236062233071094418e+00
1.486101199999416478e+00
1.022039420925656028e+00
-1.723547611000805002e+00
7.031454727676378358e-01
-9.541149521393744656e-03
3.724858477173426108e-01
1.699726252848003383e-01
-3.117856646950841748e-01
2.569264041440832286e-02
-1.818522404790871683e+00
1.403992346178087658e+00
3.647733470509458287e-01
-2.645375981999920523e+00
5.624840448969702145e+00
-4.251126999165332876e+00
-1.633502555836283399e-01
1.233926718168947723e+00
-2.440957165983128174e+00
3.030508516241463113e+00
-4.464429252049641472e-01
-1.179354584897306379e+00
-2.753714435199697830e-01
-1.730361916962961655e-01
-1.255329981856629640e-01
-8.635700812170186147e-01
2.293806490188249558e+00
-1.925009551778279260e+00
9.054655339046425722e-01
1.229157529985628605e-01
-3.790782535420936572e+00
5.585298411098322369e+00
-3.623065364777701802e+00
1.145894231551584541e+00
-6.523330035542261873e-01
1.362277138296163370e+00
-2.505496467285209139e+00
2.844698915950716778e+00
-1.937955030045849236e+00
8.389006114209763831e-01
-1.230869991124964036e-01
-6.052899046679326434e-01
2.716039599112283653e+00
-4.680640650138626846e+00
5.030361556161660808e+00
-3.646951484974579660e+00
2.098520340162136844e+00
-1.084711077704275439e+00
7.642913052339519453e-01
-1.816577198207186550e+00
2.529942054102699345e+00
-7.198684498607178517e-01
6.249239385524321677e-02
3.829535845929587373e-02
-4.319775401673163984e+00
3.791909593327164707e+00
8.586463884054085227e-01
-1.682834648305511660e+00
4.762098578196855003e-01
-1.132775912861239132e+00
-4.230701910942578081e+00
7.309554225771766056e+00
-3.955083802409880889e+00
7.452859441048860223e-01
2.559870443067465917e+00
-7.261471899441501954e+00
6.045338095511678667e+00
-9.108363459324152478e-01
-1.306567938937660101e+00
4.715513481714442845e-01
-3.627126693056047513e-01
-1.650834953090088986e+00
3.909169291225289111e+00
-4.016229657070431003e+00
2.998109437580619208e+00
-2.004311252795235365e+00
1.373657230408789509e+00
-9.722103873429726040e-01
3.869935402372233213e-01
-3.147801351616567600e-01
7.384315585039809005e-01
-5.811684443875955175e-01
-8.142622078857449930e-01
2.550686342346225821e+00
-2.790271658275449873e+00
1.230916931422489036e+00
2.301370206311067756e-01
-5.345625632926327420e-01
2.989343665859386157e+00
-3.703884992061100778e+00
1.987030393424097596e+00
-5.229801779621846558e-01
2.808035861895616936e-01
-7.456339712370668726e-01
1.349301393884398070e+00
-6.239911557765663863e-01
-1.376446692856786669e+00
1.795847356277126217e+00
-8.246402607605946011e-01
-9.308813583922334045e-01
3.776006501113508662e+00
-5.506596363937688032e+00
4.393280123467506293e+00
-1.538771221841901404e+00
1.481007298709839937e-01
-1.395721630301607119e+00
2.412292366022850576e+00
-2.374897420668867110e+00
2.085354208549004884e+00
-6.183470617624433618e-01
-1.673952661008038523e-01
-9.880419529573732096e-02
1.281779808709541335e+00
-4.088900380170783500e+00
3.623165703277085203e+00
-1.378312941639905642e-01
-1.657720078003948716e+00
8.062266343517308087e-01
1.364124883221429441e+00
-5.211490790301674281e+00
5.918813300488181106e+00
-3.046392378265950107e+00
5.505437207141542499e-01
-2.057186141269158886e-01
1.303148189273779067e+00
-2.531107270797438691e+00
3.033269605695642746e+00
-1.197860714778300473e+00
-2.039043737467665540e+00
2.735636319526169480e+00
-4.782364314038464181e-01
-1.689904522590086833e+00
4.108474422345764765e+00
-3.415500389711636053e+00
-1.130859329294203519e+00
3.730575509114012700e+00
-1.824488562865015373e+00
3.041890178734024675e-01
6.391577602756689513e-01
-1.424333126152556250e+00
7.638092663083552170e-01
-7.290163966428806486e-01
2.381766838644262752e+00
-4.798008368945371416e+00
4.443835470299920765e+00
-1.571688270995525771e+00
-6.626517814361877756e-02
1.668175031364723226e+00
-3.091844282130225441e+00
-1.059742264794437672e+00
4.227253438563301380e+00
-1.563483290993424646e+00
7.633348045161324480e-01
-1.193919109283339032e-02
-4.160098861293088923e+00
4.815862241122665033e+00
-3.372735451884927738e+00
3.022746757315394994e+00
-4.536545881069232955e+00
5.533983347947845743e+00
-3.930308849786122938e+00
2.282577743704285123e+00
1.410224375294300003e+00
-8.078555500294616110e+00
9.578183266529995521e+00
-5.947740552392253299e+00
2.422116934757559292e+00
-1.670253682931710948e+00
2.058310537503793114e+00
-1.496102635555032645e+00
-1.319916213133403293e-01
-8.654891118348591039e-01
5.665336930084295952e-01
-2.121818491044360488e+00
3.767885556284998216e+00
-2.158496140884815340e+00
1.168163269929124892e+00
4.843021282644023096e+00
-1.046284541356847519e+01
6.598406822890030554e+00
6.632617751811638318e-02
-1.314011437861401843e+00
3.908865785718442787e+00
-7.869856808357550415e-01
-5.059468737419388518e+00
5.483911678101631715e+00
-1.805253521763100721e+00
-6.142390513244949668e-01
2.011313947333495111e+00
-7.817437283231637446e-01
-9.249324997442097684e-01
1.771257855449930030e-01
3.486759279177248150e+00
-6.802055321633647900e+00
5.392570646063605366e+00
-2.243248247855754496e+00
-8.912262262917951539e-01
3.789124735111881748e+00
-4.263200786526494257e-02
-5.312402017029460133e+00
5.032896812582475121e+00
-5.433034261436112677e-01
-4.851762331178340659e+00
6.764960571140433920e+00
-2.898201237713061484e+00
8.047371581220197356e-02
1.351950133136001764e+00
9.397396574652566725e-01
-8.020614558492477286e+00
9.791807697749726813e+00
-4.570421844333308670e+00
-6.721600753810111906e-01
6.769705214897517642e+00
-7.118687340978081757e+00
1.449444727187797932e+00
1.813373461895460670e+00
3.271781233586654181e-01
-7.101295645970922443e+00
1.143396236116569042e+01
-7.251436061163452962e+00
1.912293395341605695e+00
5.857571819260541268e+00
-1.042308429145792026e+01
3.589708764824283804e+00
4.709990919033558043e+00
-4.397673914427618236e+00
-6.307375682391926919e-01
8.887311527562181013e+00
-1.295967011311807404e+01
7.920762232526659119e+00
-1.250993302594663348e+00
-3.807044871490206095e-01
1.153979026443906930e+00
-9.496442545110728162e-01
2.051099921788667846e+00
-6.434923267840148675e+00
1.042617373082220311e+01
-9.437330301981774028e+00
5.233251314877824356e+00
-2.136337184673109846e+00
1.838475043685776189e+00
-6.623976318063837354e+00
1.096164803668889043e+01
-8.664511195424060119e+00
2.354126026253497983e+00
7.526877180781533561e+00
-1.335752422889738789e+01
8.682615261086398917e+00
-1.975541418319818110e+00
8.645555468263659282e-01
-7.058703859944830405e+00
1.658929058767387232e+01
-1.766062670842262960e+01
7.980391670412611660e+00
6.495775447347439391e-01
-9.600422313436945743e+00
1.175650450962108806e+01
-6.003472318837900445e+00
2.754248961465658674e+00
-6.500516681945266662e+00
1.207528449020448491e+01
-1.346929985043019862e+01
9.197567617249649885e+00
-3.539165724981396810e+00
-1.700599244583427483e+00
2.628715225394767430e+00
-4.551106350599544159e-01
2.267311944991459605e+00
-9.411939227208678815e+00
1.920836470041963651e+01
-2.461094339013504495e+01
2.116490106475745492e+01
-1.504219010463107331e+01
1.467466551965061683e+01
-1.731274441965033262e+01
1.527320163022895727e+01
-3.728564966417205806e+00
-1.071816129328501610e+01
2.216515457314146076e+01
-2.771531833877348561e+01
2.594613602893437232e+01
-2.304301266803936699e+01
2.351230762809187169e+01
-1.866172757058863851e+01
4.991643758967933664e+00
1.260676031266013197e+01
-2.130860808638858828e+01
3.123835478565877111e+01
-4.637444885845709308e+01
5.152227436673954486e+01
-2.807962417245990849e+01
-3.881887298131209718e+01
7.865855707836712440e+01
1.292064404788084708e+01
2.428938089006515000e+01
-1.295199417064027614e+01
-9.071941821217440749e-01
7.183221397146182241e+00
-5.793820854082840199e+00
3.550075489819022323e+00
-8.561746734100428302e-01
-9.187531274724237973e-02
-2.006743791934729071e+00
6.034417975724426064e+00
-9.929391106971825920e+00
9.109295632183583180e+00
-3.643493543211576480e+00
-9.474403605365797620e-01
7.695886146051573728e-01
-1.112634888013728229e-01
-2.244363571685780823e+00
4.729463014939927490e+00
-2.547443505112769735e+00
-1.142257842277002888e+00
-8.871497069007631964e-03
-8.062707087879709966e-02
3.918584707443181769e-01
2.548999951563774680e+00
-3.897888211724632956e+00
2.222817820076706141e+00
-4.961069895483130043e-01
1.285466395406173190e-01
-6.343755363201583064e-01
1.913896927324417074e+00
-2.570842603379329461e+00
2.045458755703805309e+00
1.348678758374192155e+00
-6.947327497770218407e+00
9.721427227516723946e+00
-6.698615040297736023e+00
8.929402221505815529e-01
1.210290351921780916e+00
-4.344455778210518204e+00
8.280737589324649761e+00
-7.713050059861581431e+00
4.242001492690246955e+00
-1.544696410748240378e+00
7.818395795125350212e-01
-1.261636719911652271e+00
2.625542404736286528e+00
-3.787925290742660600e+00
3.367817477805545412e+00
-2.845929346201169441e+00
2.016145748676577032e+00
6.393177786043536814e-01
-3.701974688263085067e+00
4.338666758827523395e+00
-2.540343383770435892e+00
5.902124561590096352e-01
2.464250252276576902e-01
-2.776743833566371333e-01
6.103582600108718031e-02
3.636929204464606213e-01
-1.190713079973654498e+00
2.297553756811679726e+00
-2.987542259450725712e+00
3.399710478643534817e+00
-4.117959418924781900e+00
4.408377416842808039e+00
-2.908855407750488453e+00
9.339643106105513515e-02
1.640664016006793124e+00
-1.780467149227598744e+00
1.588791585808080109e+00
-8.390283046645707898e-01
1.799040197235814709e-01
1.118447914327463377e-01
3.656864239539733222e-03
-1.174352072719225148e+00
-1.431380187126832758e-02
1.670833585026326285e+00
-1.276553577648306792e+00
1.077424660366427395e-01
6.944584553876690380e-01
-2.897053258811117971e+00
4.997488072264486547e+00
-1.647991035905488788e+00
-1.316066427438788988e+00
3.738986744881380719e+00
-6.312448034583757916e+00
2.038966020336716145e+00
3.027250629941822702e+00
-1.979887357488922195e+00
-4.186989092397938594e-01
1.216107746579438098e+00
-4.593438527111065817e+00
2.763806981710811961e+00
2.118016568524133891e+00
-2.890179463822042827e+00
5.531487352071382535e-01
6.070854897992103982e-01
-3.193949640967668202e+00
3.640543644587402206e+00
-1.050759169904434076e+00
-6.950033882661864615e-01
1.907383109942598853e+00
-1.771660674002889957e+00
1.729645401040559860e-01
9.864507987996569138e-01
-2.831725783747451430e+00
3.675582524472462254e+00
-3.353007156282481471e+00
3.102937790036980559e+00
-1.497304419233877359e+00
1.237780409835586903e+00
-1.655070563169968922e+00
-1.368084189897355918e+00
2.910010003069016804e+00
-4.131105255005438903e-01
-8.692956579973561138e-02
1.776735279935020229e+00
-6.798660751302149308e+00
6.301114857922641477e+00
-1.391449176038310087e+00
2.797389358822572891e-01
-2.632925323893562375e-01
1.973627842004702371e-01
-5.883028172397150035e-01
2.526482102411134800e+00
-2.092118928014665258e+00
4.100638530239447133e-01
-5.627116917374833660e-01
4.978868372580892432e-01
-1.711124370954903162e-01
-5.917451472724325617e-02
9.043376725337006275e-03
5.208555243970743875e-01
-7.809327062240120076e-01
4.761758380331525542e-01
-1.772588834732595209e-01
-1.044292926116731218e-01
3.715800884421550654e-01
-4.750452308699218418e-01
6.877888991443712463e-01
-1.500058760518784062e+00
2.787102802122868539e+00
-3.197451760872791482e+00
2.047862848214052622e+00
-1.000338466524911318e+00
-3.658366236858496268e-01
1.547898071338802639e+00
-6.333829089401398882e+00
6.544015972136096870e+00
-3.273159001971679860e+00
6.985358650142665660e-01
-8.220752087645045725e-01
3.383219300179093114e+00
-6.012651401301414289e+00
5.052737987237202688e+00
-1.371214203693885025e+00
-2.033045646536896234e-01
2.171838305521379908e+00
-6.602116369880214108e+00
7.458966415201881972e+00
-5.382124201544049136e+00
3.272507935373301535e+00
-3.033026968840734305e+00
5.180981624998639568e+00
-6.354065674254044005e+00
4.497622992190475344e+00
-1.522494532417175250e+00
1.475468111152482623e-02
-2.820579475818966730e-01
-2.365595443741239645e+00
3.654730210743834640e+00
-2.208515081290724158e+00
4.466930710585777231e-02
7.471888217236827279e-01
-1.654894197155027946e+00
1.729022056057118784e+00
-8.901705015703682555e-01
2.920475203193279579e-01
-4.918623651669938313e-01
1.928772133046839476e+00
-3.674819620702184153e+00
3.191504281389984765e+00
-3.659877464332683128e-01
-5.711427227241381438e-02
-1.346438955474804633e-01
-2.579742232046802752e-01
-7.977607207575080350e-01
4.167900633789019538e-01
1.051484548733288227e+00
-1.556576230442698217e+00
2.181362351728106663e+00
2.715854464407665980e-01
-4.821298978077058095e+00
5.222473887558059857e+00
-6.571345196625696383e-01
-3.642267928535441318e-02
5.427499508844507714e-01
1.576669353795906448e-02
-8.996002167951893114e-01
4.665438313622829014e+00
-7.669484812921952610e+00
6.628614486164600805e+00
-2.560189979706180896e+00
-5.493435471376738599e-01
8.757437703536045115e-01
1.295818060185165432e+00
-4.218342765978594144e+00
5.320624075617638837e+00
-3.896552387389728089e+00
1.299490471162728866e+00
6.797190405499597965e-01
-7.095241571036772221e-01
1.578718331217112969e-01
-5.179144214513718703e-02
-5.466948645810019297e-03
-3.186370471457549702e-01
-9.136890287338251815e-01
2.670871742882941380e+00
-3.412407027045352148e+00
3.860314734492412470e+00
-1.387408108050910416e+00
-2.800061592714770953e+00
2.660639095729989023e+00
-5.668242350518215567e-01
-7.457134983315562016e-01
3.621164827863105895e+00
-5.646614796286461235e+00
3.675989393478691358e+00
-5.643784757750657244e-01
1.782132019995311956e-01
-8.168376737427269774e-01
3.097434910372296457e+00
-2.734009596621282956e+00
6.118726324980165998e-01
4.715640740418484689e-01
-1.299295378168089155e+00
6.296910609040243800e-01
2.001935889331855289e+00
-3.339182035602302534e+00
2.078405634072914676e+00
-9.019270943011657993e-01
6.069671500416553567e-01
-7.210834032101504087e-01
1.554505015807347235e+00
-2.061321739072561776e+00
1.672055800040182172e+00
-2.020921173759286482e+00
2.403364660606456038e+00
-2.018929888000125406e+00
9.658753685181467041e-01
5.320705545096281464e-01
-1.678801357415094619e+00
1.966581587570809253e+00
-9.464525466288092881e-01
-1.814502798534054273e+00
3.842138815699644994e+00
-1.989504746998201901e+00
-3.170255353595644032e-01
-8.517149722831547642e-02
-4.468832988497779546e-01
-4.385986650228553607e+00
8.929182120327414651e+00
-7.279929707388188120e+00
1.374062170209233713e+00
5.563926287915302860e-01
-1.881808567031932888e+00
4.518040594722821268e+00
-7.757052792293388510e-01
-2.857108176473097227e+00
2.883071088919877845e+00
-3.223657943568640327e+00
-1.257106455439438886e+00
6.876896256603680868e+00
-6.816653136153664860e+00
2.283570990017517399e+00
-3.945419595547411951e-01
1.592159552502962760e-01
5.929396811792654320e-01
4.142150090283419628e-02
-1.279093285504609323e+00
1.701711858204278949e+00
-1.362589404658004266e+00
8.818834807151755273e-01
-6.271775455022507995e-01
6.284920381387584798e-02
6.687358868708538281e-03
1.351692250675185780e-01
-3.169986817922234579e-01
1.254361901194829709e+00
-1.138443403391858455e+00
-2.916498987451485725e-01
1.459026815850833714e+00
-5.787400103630085946e-01
7.345392104064146777e-01
1.606088249936569845e+00
-5.446151983444289968e+00
6.172579014269572895e+00
-3.650106728103817311e+00
1.006746700928290883e+00
-9.885927666805177649e-01
3.013709146657099769e+00
-4.607107721108168796e+00
3.485088436802332268e+00
-8.232340201694656745e-01
-7.410186288144346989e-01
2.190729630341007539e+00
-2.714551109996544032e+00
1.029945848642620287e+00
1.025491086054838297e+00
-8.843477270015649427e-01
-1.463011091555178611e+00
2.880238396561425773e+00
-1.680668890319054309e+00
2.317983244197081016e-01
1.001162053988571943e+00
-1.418804820196774674e+00
1.020538302633360317e-01
4.217840311746502424e-01
-3.047056919624053228e-01
-2.197110167170582162e+00
5.274237311600904476e+00
-4.668696758392248292e+00
1.054286159411372825e+00
9.930137880317597698e-01
-2.372518025709151157e+00
2.476019578049891923e+00
1.249767233893993024e-01
-1.724165989363275475e+00
8.428607941173558160e-01
7.536458800791480117e-01
-2.043627190909198532e+00
1.886488485392787018e+00
-6.877844248110062120e-01
-9.197149320380203497e-01
3.916962601415970302e-01
2.113204410161275248e+00
-3.175215658524367157e+00
2.314804920986853087e+00
1.197679482373534610e+00
-7.784724316153203816e+00
1.002705663917305046e+01
-5.524155035304197270e+00
7.921022828194654863e-01
-1.433722754149217293e-01
1.089198718971561508e+00
-2.706802721833253766e+00
2.631877209700547393e+00
-1.893067678892397909e+00
8.761952685984129019e-01
-8.266714141080934164e-01
2.457402146186586478e+00
-2.821436367829256664e+00
1.869901933336399535e+00
-1.020165556664998530e+00
-5.777834531552980657e+00
9.007081312346535640e+00
-4.074515639650491572e+00
-6.059647355162876836e-02
1.081759387431166397e+00
-2.034617660935352124e+00
2.338317597332559394e+00
-7.997470611829844422e-01
8.594791075465255670e-01
-2.624882304177501791e+00
4.090052659434723736e+00
-2.611107016083729970e+00
-1.713465757506273390e-01
1.217579467269227944e+00
-1.121283620398785486e+00
-2.563829684236695439e+00
7.632976608904978200e+00
-8.701851561485218767e+00
5.544693171978711810e+00
-2.093278351490971634e+00
1.190902968818486674e+00
-1.468037721928620698e+00
7.090830357262264405e-01
-3.135410170990198808e-01
-5.499189721121025443e+00
8.969680047562455627e+00
-5.927349255293107078e+00
9.172777538988986512e-01
-5.069943774968593830e-01
1.967804896328414044e+00
-6.996293667396642491e+00
1.059371523802075288e+01
-6.217134973766899719e+00
2.492623995911739776e+00
2.705163112500423850e+00
-1.175602609442648827e+01
1.210482417284790913e+01
-6.044340549684148023e+00
1.957151562610869311e+00
-2.671953685675989121e+00
5.761403066321683752e+00
-7.026358580223799777e+00
4.882479875540037817e+00
-1.485889541736346908e+00
-1.254006166117688670e+00
6.908968124377714570e-01
1.800893780483821871e+00
-2.175830376172887437e+00
-6.012812843011621222e-01
9.046858270383589584e+00
-1.518705196003318392e+01
1.200352694582898572e+01
-4.250456397014933607e+00
9.580728211661337923e-02
-4.195099204094758782e-01
3.762495140712609043e+00
-4.915615298623833063e+00
3.066019066546318506e+00
1.383936935831509674e+00
-1.090224608342029633e+01
1.277238422664119533e+01
-5.526516874991233230e+00
-2.238792260762068331e-01
2.747909600739822378e-01
3.714965533287678756e+00
-9.682172483966530407e+00
9.705425934323676174e+00
-4.049762254303449716e+00
-2.708153407511947997e+00
6.490174142107298927e+00
-2.484311408047147118e+00
-2.928545445898440125e+00
3.319287349953655486e+00
4.932102285533467023e-02
-1.072175339412686235e+01
1.717804315717959085e+01
-1.134788191432073923e+01
1.871235834272939824e+00
3.566593628737873889e+00
-5.515212064482991394e+00
1.639596456134340130e-01
4.893703967238788977e+00
-3.009709691686119459e+00
-7.227492758133094997e-01
3.753766775947977585e+00
-5.111074112128393132e+00
2.699820513758203422e+00
-3.420325704972460024e-01
1.945611002772934528e+00
-5.109225511058521185e+00
5.530579278302837132e+00
-1.838899018403939545e+00
-6.745741908706465395e+00
1.303035078110776546e+01
-1.000382186927953221e+01
2.910415836545019008e+00
1.383651281559880319e-01
1.743374939378568689e+00
-8.818778559449723886e+00
1.278095110531244671e+01
-8.405216071059083305e+00
-8.953619169283194568e-01
1.186643908335016384e+01
-1.418625531174327392e+01
6.025599858051457147e+00
3.865054095667438960e-01
1.630871397745879747e+00
-9.182443082849117033e+00
1.820159800991890009e+01
-1.810958601250567312e+01
8.405821392268856940e+00
-1.338367002168070030e+00
-5.372506013637458055e-01
-5.062579395104592761e-01
8.631913793777343802e-01
4.131736678783745731e+00
-1.421986419635848975e+01
2.270524428026113029e+01
-2.140436299704263590e+01
1.209229053918197749e+01
-6.768227077791424406e+00
5.754963839635907519e+00
-5.392361682855095317e+00
1.864318604992299067e+00
7.461683295393271464e+00
-1.736036847669190664e+01
2.251914288224216421e+01
-1.975659944930168166e+01
1.304707778015067099e+01
-1.147698576643258228e+01
1.356299510598677216e+01
-1.316744043413012122e+01
4.959429859194621315e+00
9.035419831544484026e+00
-1.941590480257021767e+01
2.819199332441374395e+01
-3.426180739088040639e+01
3.616595188253940307e+01
-3.404961215028118460e+01
1.967689791627700302e+01
8.214578106343170205e+00
-3.020777140280353024e+01
3.393380308364655207e+01
-6.176854149035772679e+01
7.995970795972904455e+01
1.001996161872505269e+02
-2.429059771647763544e+00
5.482078035897030688e+00
-5.279124467863026915e+00
4.032436763690681047e+00
-3.995807664361244793e+00
5.288665407878912816e+00
-6.560178843712568764e+00
4.539360089611041538e+00
7.200390398124221214e-01
-7.023372661599685429e+00
1.103743823253446266e+01
-6.178676591639598925e+00
-5.077459477914000097e+00
1.088349737059820477e+01
-3.940679600334820343e+00
-1.138016674052401422e-01
5.256493929094932405e+00
-1.227301838382783750e+01
9.946021590927795586e+00
-3.071767145930406340e+00
3.758836235389209635e-01
-2.175436923571948677e-01
5.471240760122844549e+00
-1.088923019736948028e+01
7.192575698428641751e+00
1.836825491221006024e+00
-4.747475868839569735e+00
2.656282849769098675e+00
-1.679509740587483480e+00
-1.642982352397898582e+00
3.743210602795915776e+00
-2.723695875790183241e+00
-4.288382684153970281e+00
1.303215447446685715e+01
-1.437495198529935436e+01
8.083232907727827765e+00
-1.677709270348770154e+00
-3.713879894860614428e-01
2.502357464125396988e-02
2.329258857916794323e+00
-2.024626235647942973e+00
-1.610882901120614719e+00
2.965966547436960088e+00
-1.103441935672131669e+00
1.696711981622537557e+00
-1.363425177574788982e+00
-8.261625064251789663e-01
1.717777828155158337e+00
-1.407992658637314376e+00
5.591218702415229336e-01
-3.477188338662522415e-01
2.115108166310430526e+00
-4.225711883477063502e+00
4.453345321925415767e+00
-2.824224010885111102e+00
6.932786561739198161e-01
5.395495431843335687e-01
-3.814713517145205263e-02
9.484164791963961560e-01
-9.296829191639871537e-01
1.100176359059061859e+00
-6.183884839343132267e-01
-2.383402641101716249e-02
1.281376865793902642e+00
-3.346403642631330833e+00
4.569733697138895323e+00
-3.950944670655283097e+00
2.125559182471148834e+00
-3.745047746933465871e-01
-4.853272582949794134e-01
5.562902070619542005e-01
3.983620191584157921e-01
1.729064071718394713e-02
8.180164463012251641e-01
-1.833569441094851982e+00
6.154387889022771674e+00
-7.051405875836171511e+00
4.395742689221645350e+00
-1.749673690224927469e+00
5.658259124261264539e-01
-1.998667639856585687e+00
2.819123218617840099e+00
-3.237313582687665114e+00
2.365317076653538297e+00
-3.740488458238027114e+00
4.586023213718977587e+00
-3.110121941264596845e+00
1.862991749613810200e+00
-5.830561799645368470e-01
-3.484519389771366105e-01
-6.193456144514657424e-01
5.093917111667598974e+00
-5.829270233486518293e+00
3.060727738812101251e+00
7.141982000558715349e-01
-5.941235142987735252e-01
4.850196299935615185e-01
6.158317374785354792e-01
-2.295982162554599526e+00
2.310834328681495187e+00
-1.601122234158202984e+00
1.575038195949561404e+00
-1.138916574352022648e+00
1.061275947697569499e+00
-1.761275057342895245e+00
4.329134989555567969e+00
-8.702338600948232639e+00
9.649450453009823292e+00
-5.261778747864375383e+00
1.077975102211597980e+00
-5.173648217179711573e-01
-1.991308212103112263e+00
2.805159213545578734e+00
-2.177989669962639763e+00
9.714984928464083236e-01
-1.368439398241426685e-01
2.908763998537894704e-03
-7.182916541779191255e-02
-2.805199066863481860e-01
-6.048374500967756973e-01
-2.694087701806461843e-01
7.879604132849374332e-02
2.968381156188874548e-01
-1.386987975712835164e+00
1.623790652610940466e+00
-9.027532209719408840e-01
6.506861111660598371e-03
-2.635983187008220097e-01
-4.103495173713143235e-02
3.725622346629167692e-01
-3.242002594413986860e-01
-1.466931855508100679e-01
1.459914615682472938e+00
-1.312107020012946990e+00
2.096683151528667133e-01
1.831106678466173365e+00
-4.346503335432386095e+00
4.538159471955279578e+00
-1.912990935643717139e+00
-5.905994722201726166e-01
1.698482952103637311e+00
-1.331773656057350541e+00
5.013413577572083391e-01
-6.782775838298075177e-01
3.648427258926539851e-01
-1.027849545427136579e+00
3.915707982968108514e+00
-5.432834641785676766e+00
7.423815894754952627e-01
4.168679287944262235e+00
-3.235219718759162255e+00
1.704465058012076373e+00
-3.749700347950838952e-01
-3.212013368489291310e+00
3.049812554735304548e+00
-5.576255559315406174e-01
3.653312351199058949e-02
6.477260480466818793e-01
-3.376192374611485247e-01
-1.214412323109578029e+00
8.973722424739893899e-01
2.018554453487583222e-01
-3.703141719537169640e-01
5.434117252876362603e-01
1.027793536110368056e+00
-1.981652425422099961e+00
3.636097048541795385e-01
6.940518363026343396e-02
3.818798351820457682e-01
1.519371337291222090e+00
-2.369956968665013486e-01
-2.426248583280972149e+00
9.538734928049625861e-01
3.280871313754830654e-01
-2.214274120280654845e+00
5.987673506239842069e+00
-5.887472301467824742e+00
1.865191992503266505e+00
7.274359840816728706e-01
-2.806505049650030781e+00
2.024641753585147974e+00
1.172500391419944998e+00
-9.264988387052971452e-01
4.391621813667313523e-01
2.222587933005183147e-01
-8.340235756180451876e-01
3.612387988539364603e+00
-1.089194074877118945e+00
-1.382946445281531878e+00
1.693575621212078497e+00
-2.319829976177999242e+00
-2.882219879353068934e-02
2.480023294681248824e+00
-2.377396745795195443e+00
3.195416736709635885e-01
-2.037635487491509523e-01
4.502912514315493553e-01
5.112674545474270582e-01
1.066940119807883169e-01
2.405769716706154526e-01
-1.105227646173999045e-01
-1.838199903265635982e+00
4.164917687774308597e+00
-4.817994592801389864e+00
3.333305018902281702e+00
-3.375743483606037376e-01
-2.410364081407484704e+00
2.259747225958622874e+00
1.250657583411501017e+00
-5.743026279552252866e+00
7.218924430196096864e+00
-4.871003611479449269e+00
2.162419442689678561e+00
1.850314106294772415e-02
-1.034285477007311632e-01
-1.655823366509952613e-02
3.212494036296313915e-01
-8.980867941022053769e-01
9.816801823873529953e-01
1.904271155381666580e-01
-1.500474708968182247e+00
4.022635383020786159e-01
9.728884201221922601e-02
-5.438639949076763680e-02
-4.527678742903634701e-01
3.411369586172207313e+00
-5.873706624317637015e+00
4.113649271294109511e+00
-1.034814525191075418e+00
-1.334318470717852090e-01
5.562375519914336541e-01
-2.686708318915174587e+00
2.484314303891773879e+00
-1.658060030227504145e+00
1.354695797530429013e+00
-4.119816933629238065e+00
6.987039599452784522e+00
-6.852094322783097269e+00
5.466483874941747700e+00
-3.607427434506544017e+00
2.266527259722016741e+00
-2.398221613954732323e+00
1.653092711236631374e+00
4.319936102411190415e-01
-2.314649425205763222e+00
2.941866992312183626e+00
-3.282618618291176293e+00
3.256250372788027647e+00
-1.722219224570165519e+00
-3.577940727597695436e-01
2.009734341043208694e+00
-2.207853505682306761e+00
1.544405806517501922e+00
-6.748727719261283786e-01
-1.827234840399237115e+00
3.884977303341068389e+00
-1.438222414826550777e+00
-8.272193383362445862e-02
1.549829520341125533e-01
-5.100518916328379282e-01
4.602958313852579586e+00
-4.100117996307171886e+00
3.488510883252347039e+00
-1.782407874830615135e+00
7.569729449951360101e-01
-2.321531653637656678e+00
5.431999419492240522e-01
2.784518325486855073e+00
-2.067985712277051302e+00
5.381599936787372362e-01
8.342737288512258598e-01
-3.857157856037278343e+00
1.741602183105830592e+00
3.157312858505591180e+00
-3.119624773074349378e+00
9.388658253648288765e-01
-5.565789619519770914e-01
-2.812831686033017142e+00
4.186605993770755596e+00
-1.287844055396705767e-01
-4.283579326539443066e+00
4.752665541541643002e+00
-1.367657352238102586e+00
-1.781253176911791414e+00
2.021821821803026165e+00
-1.373274885503053877e+00
7.635476741793193467e-01
-4.159794258150287249e-01
-1.829016618260943972e+00
-1.603360883524607594e+00
4.760816280997335781e+00
-2.720545084400911140e+00
4.811723037142228154e-01
-2.565025016686810488e-01
-4.896124177891994833e+00
1.933205861701819517e+00
4.444468746890117394e+00
-4.598768978056258838e+00
8.269977354275097614e-01
7.490706739345820431e-01
-3.442337841805247045e+00
3.511412851534736035e+00
-2.756875614264555074e-01
-1.548474241822402675e+00
2.065484835510976946e+00
-2.588889169579051686e+00
1.789572461832799055e+00
-2.804209822112075479e+00
6.476773276690791725e+00
-8.946181550879648725e+00
6.304905409502595148e+00
-1.248719532555753631e+00
-5.915552116381853631e-01
8.006315355115206644e-01
-4.516561143444118576e-02
-2.092610190871716735e+00
1.978648632296337251e+00
-8.693775374304992809e-01
-1.922968436163763117e+00
5.675337466357163407e+00
-2.395211927444385047e+00
-2.828058948425339114e+00
3.308140000640634515e+00
-1.778458188775979387e+00
3.499957195265157583e-01
1.440338455082321723e+00
1.347905540783414791e-01
-2.652510832451810963e+00
3.383842098602793502e+00
-2.682849462489110159e+00
6.898156791995281312e-01
1.502073752436944964e+00
-1.014608318538549048e+00
-3.935208048623629828e+00
8.552899016514709629e+00
-7.303843710351958229e+00
2.471250828314560000e+00
1.856973864211513447e+00
-6.375095783775425851e+00
5.352877088495445967e+00
-1.359788460246838637e+00
6.591809435390594274e-01
-1.375395699898293023e+00
2.252424055807474623e+00
-4.769064023113417150e+00
3.469536413650740059e+00
3.149944517645597575e-02
-2.064345226001086608e+00
1.253059390017700947e+00
2.188316811011608021e+00
-3.261403141174974873e+00
1.869053390667597236e+00
-4.058795411326251434e-01
-4.951305737594300815e+00
6.035908149716414428e+00
-1.614386821495378710e+00
-1.436006560175844826e-01
2.071396182096688077e-01
4.398072116057397674e-01
-4.083770030982094568e+00
3.592452463908998084e+00
1.235455773519538392e+00
-4.748770687443001570e+00
4.911760767130381566e+00
-2.120414909244302759e+00
-3.790905238402682564e-01
3.262023220494107978e-01
1.600195983350479745e+00
-7.291299298706196197e+00
9.254922372678047182e+00
-4.809494239007551464e+00
6.673167142226889004e-01
-5.345553469899080312e-01
2.173079608130470408e+00
-2.634542050605034991e+00
2.468597055840464183e+00
-1.308172982527386452e+00
-8.613300767806612024e-01
5.368475372262658141e+00
-1.713761361806050099e+00
-1.450530994773755689e+00
7.398611260697222081e-01
-2.913890610852645779e-01
-4.075767392133244016e+00
6.431197350485746256e+00
-2.947206229535422661e+00
2.290302179269490257e-01
1.203973590536653537e+00
-8.181093656300294503e-01
-4.131682524168894588e+00
2.797239975947521717e+00
3.419239561974520836e+00
-6.269803870706408766e+00
7.063424412422350862e+00
-4.927436678360763267e+00
-9.080157909227390967e-01
3.502126527883905549e+00
-1.575537550550812238e+00
-4.222614174904161466e+00
7.288616191589372129e+00
-3.305506902370345834e+00
-1.829704266528477730e+00
8.444581128628849243e+00
-8.735513295981348847e+00
-3.891745346345761858e-01
5.909995097954297449e+00
-2.471236914468306622e+00
-3.713494265369042591e+00
8.967654923156862523e+00
-7.629561171062781533e+00
1.463546792635214144e+00
2.876750438913995733e+00
-7.884917176579135045e+00
3.537790654532779300e+00
3.548958080043534746e+00
-2.384514847855303543e+00
-2.954892663633958527e+00
8.233615149045238724e+00
-1.065020866372260144e+01
2.917867371078031624e+00
5.804584331772177919e+00
-7.737429370698275299e+00
3.540181508086491124e+00
4.498245572453169139e+00
-6.176223779537875380e+00
3.077886124714868110e-01
5.874577890738092556e+00
-1.202869025908796630e+01
6.507557610968074613e+00
4.280031555092850937e+00
-6.756884038642369639e+00
1.320868145558331319e+00
5.588798614065527026e+00
-9.474829147309698385e+00
2.140049346614389059e+00
8.440687077459701371e+00
-1.080048773511723148e+01
8.721519160183676789e+00
-1.379030878096078938e+00
-5.377749018036285911e+00
2.448867985955820004e+00
7.090503154727331392e+00
-1.168920369467067921e+01
6.411786159825271447e+00
3.084832574566014785e+00
-1.183147251256600896e+01
1.126183401191809708e+01
-1.045762844691265681e+00
-4.738089724695266902e+00
1.010285953031063305e-01
9.716896875808743061e+00
-1.861461276892135785e+01
1.283957179351742539e+01
2.697553552431607216e+00
-1.216092969701210613e+01
1.106772995088833511e+01
1.053495300606843710e+00
-1.062398967128940441e+01
4.065595230473288524e+00
1.002421174633927414e+01
-1.913848899177492413e+01
1.885556620451172805e+01
-3.449787455450361584e+00
-8.970817799828326500e+00
5.853067747513061470e+00
4.681265474123699200e+00
-1.161654145165035956e+01
5.500919694320407949e+00
9.790761320672437762e+00
-2.218659668704140131e+01
1.898158472145355802e+01
7.739563681379917071e-02
-1.176005333006034270e+01
3.487093562584246076e+00
1.218899976172607857e+01
-2.111910617616093688e+01
6.822774763228014905e+00
2.161198641210107851e+01
-3.473858538690635100e+01
2.247714416694789108e+01
1.868369584050634025e+00
-1.336814148607907882e+01
-2.613064026409268159e+00
2.580785455739067302e+01
-2.994816877717087422e+01
2.393881873221279655e+00
3.451651083361532102e+01
-4.020323527012328668e+01
1.327555050855817065e+01
1.754869916491723103e+01
-1.152764442332157380e+01
-2.798996847720959735e+01
4.240936614091316414e+01
-3.502789643086567040e+00
-6.998817243694692536e+01
8.046435357881570383e+01
-8.650372907908550957e+00
-6.476023189063930374e+01
1.344667663804415270e+01
4.807923070491523454e+00
-8.637296692749746541e+00
1.037788335112498572e+01
-1.065609030991563344e+01
7.653542006080855664e+00
-4.670258821841136943e+00
4.783021320355343775e+00
-7.131595296373151704e+00
9.669777358135677403e+00
-9.489211264747948960e+00
5.751903326378749348e+00
3.648723412576633685e+00
-1.468943668703223082e+01
1.683532852355986265e+01
-7.687587300011029079e+00
-1.087961884303058291e+00
-5.140812976666297995e-02
-2.539041074808910725e+00
-2.682908506498664192e+00
9.434289639079780798e+00
-6.988226530987715179e+00
-1.417046754629039951e-01
-1.665431148465438549e-01
-2.907442424598131181e-01
-4.907757826523032385e+00
1.146907915761573804e+01
-9.850844293413508979e+00
1.854262445937959525e+00
1.329256316554927375e+00
-3.559431353960174071e+00
4.125007372644918568e+00
-7.690044562717105459e-01
-4.343853531980972349e+00
8.192162692857792194e+00
-3.975486262403007398e+00
-4.936168328948476791e+00
9.169640295240105488e+00
-5.458219814742115261e+00
1.198384486672032123e+00
-1.183865621499175402e+00
2.818895202261995081e+00
-5.744487577029326886e+00
5.732410115030023512e+00
-2.250973718864036410e+00
5.430356799407413115e-01
3.678348210117833306e-01
-2.748157186583526368e+00
3.211874680503815860e+00
-1.624405841897634373e+00
5.851110619499234611e-01
-1.435104724291328626e+00
4.713376458700817118e+00
-7.443079345227455512e+00
6.929808778581980633e+00
-4.141488145619223182e+00
1.496045857846187044e+00
-2.572447150743177313e-01
4.773597956282468746e-01
-1.108626487195701754e-01
1.628793744774122754e+00
-4.281555475849278203e+00
5.618129000379568083e+00
-5.303786435086631279e+00
4.360443846925771361e+00
-3.584886563077229304e+00
1.647054887858645511e+00
1.745986721468523628e+00
-4.663720897766186368e+00
5.473227827109908183e+00
-4.926030894771214363e+00
5.034359274427822939e+00
-4.722245016037051712e+00
2.385966819796159655e+00
-6.670084186022516570e-02
7.662535305731047464e-01
-3.051666321474749921e+00
5.110402077684739197e+00
-6.329573933833248844e+00
4.193008637214433953e+00
-2.042969211141244246e-01
2.296828826879113439e-01
-1.362345680520334890e-01
-2.216772824215346827e+00
2.936394600039806235e+00
-2.264768388151137568e+00
2.216426150033926845e+00
-1.923029651985836530e+00
2.707771343241453188e+00
-3.788096345876239113e+00
3.256804194095070049e+00
-7.748352723338861603e-01
1.450501882958949329e+00
3.557601208873151233e-01
-4.370560619782251521e+00
6.723313225479536470e+00
-4.387246563322142023e+00
1.059586463912436161e+00
-6.525759649646784011e-01
1.414836778820585783e+00
-1.897313051033291842e+00
2.546139372269400347e+00
-2.685213288911448171e+00
3.158181656468385778e+00
-2.443746678423567076e+00
5.764172924707834378e-01
4.819301441105605099e-01
-2.490024719306096479e+00
2.931827740538452964e+00
-1.490410023382679194e-01
-1.187520458651584621e+00
-2.880945518329279809e-01
-3.126286266123092569e-03
-1.499036388778083317e+00
4.795072736736676333e+00
-5.293600537832312547e+00
2.278955671042701692e+00
-3.393501898178297727e-01
2.705550005598196694e+00
-5.791573338382649538e+00
5.146337049108590911e+00
-2.068141566703215251e+00
2.386737449228020780e-01
-7.460549943604810608e-02
1.054036057556221734e-01
-1.738327707898137620e+00
2.823864520859273419e+00
-1.864536017367370402e+00
1.820907015476529722e-01
-3.514440486665112995e-01
6.182961234448119958e-01
-2.311047706455910122e-01
-8.882471564235524912e-04
-4.148815617733775385e-01
2.605780767025976719e+00
-5.136573652259855294e+00
6.859623374291316189e+00
-7.578224120897051108e+00
5.704708117945295420e+00
-1.597956835823439281e+00
-1.313085138796442841e+00
1.743277543292852005e+00
-1.099696349373618709e+00
5.965329215417722875e-01
-1.356878937758427384e+00
1.293343825676747105e+00
-7.728608112676383923e-01
1.108345397113223857e-01
-7.550757780080057380e-01
-4.544004177762794860e+00
8.303134437128735001e+00
-5.292898337670912667e+00
4.145223767384454416e-01
6.733116783936410332e-01
-1.761267717928025389e+00
-2.427758647601283570e-01
3.639091305635778983e+00
-2.955850393275034182e+00
1.183826622698640918e+00
-3.124729119011595113e+00
3.288791626553139835e+00
-3.520532013599627419e+00
3.955502282494927524e+00
-2.348208831264535057e+00
7.409790374049201045e-01
1.199242226731237704e+00
-2.937054546337324545e+00
2.010268615699307482e+00
-9.515847145208484736e-01
-1.052781378087212644e-01
-1.265156081384150921e+00
4.460282553136255324e+00
-7.488203839982376486e+00
5.198824539348283480e+00
-1.054952287647299647e+00
3.112103749028111155e-01
6.314397573247096940e-01
3.135919443977303045e-01
-3.658549341760012119e+00
4.007613083516528896e+00
-1.531365350997439645e+00
-1.287470826886524700e+00
5.851089696941641272e+00
-6.177810024788481513e+00
2.978899073034767753e+00
-2.916447935624086329e-01
-1.072332951558188224e-01
-1.300582197763080483e+00
4.974074253374283217e+00
-6.747462619314486432e+00
3.942262455700069168e+00
-9.899585610324848073e-01
-2.241349027456754683e+00
5.207298727722895038e+00
-4.739452978650754211e+00
2.865972971180958950e+00
9.039257990599641746e-02
-5.807189663352475828e-02
-1.796292537087535168e-01
9.913904128421147099e-01
-1.630441151763605712e+00
1.538344769060657979e+00
-2.451340845907001853e+00
3.076107422903691102e+00
-1.439439281289258910e+00
-1.740463688890720340e+00
4.718551889853262793e+00
-5.736965297316199752e+00
3.717434980185892801e+00
5.241846682516975164e-01
-3.489866100510408575e+00
3.031749034372511087e+00
1.518368934744279419e-01
-1.732865235090566447e+00
1.148645013753440747e+00
-3.336406129399468456e-01
-1.898164248872757087e-01
-1.242186479945149580e-01
-8.458658685638070773e-01
1.273002277730677756e+00
-1.034276781115664567e+00
1.007205104182217426e+00
-2.565394314398314446e+00
3.034117494773952206e+00
-1.407969853904170066e+00
4.420812876364027533e-01
7.289514034700778078e-01
-2.609506739137565035e+00
9.566322687019839233e-01
1.478983810260396492e+00
-8.332929404699148668e-01
4.092339958018192253e-02
-4.539437828048531465e-01
-1.189212713270299648e+00
1.787612400082286168e+00
-1.358622532093237689e+00
7.184388800044291257e-01
-1.981805769107441717e-01
1.057304888107364560e+00
-1.593993654551094208e+00
1.074680643104582334e+00
-5.503300812255526031e-01
2.557432644946378564e-01
-6.363649425049215935e-01
1.748441583921404696e+00
-2.062871757540556406e+00
1.126072413918475013e+00
1.756679570783704070e-01
-1.714760936531829261e+00
3.996798359834430325e+00
-5.056699185129207130e+00
4.199973494411973540e+00
-1.724389160895349216e+00
-1.260963348739570611e+00
3.672602894881768609e+00
-6.651925005274804903e+00
8.843740430950832732e+00
-6.836359805350282315e+00
2.896279217680830076e+00
-8.157415402516023928e-01
-3.157377142088475808e-02
-1.268217614915507330e+00
3.312836574621153662e+00
-3.750114230446217167e+00
1.658020027249343054e+00
-7.822763529349349154e-01
7.123244824841500344e-01
-1.894688974460364772e+00
4.088116299176522084e+00
-1.569471566499054838e+00
-1.925090074206827095e+00
2.478114015153852101e+00
-4.206336025579588522e+00
2.080661549621038997e+00
2.553882428071540200e+00
-2.493238763016200732e+00
-4.445145216115296560e-01
8.691967809953760060e-01
-1.333606482473222332e+00
1.360971773292807940e+00
3.669336985355444281e+00
-6.962155509701834610e+00
4.898779889843959623e+00
-3.759096775725201400e-02
-2.838608569188513453e+00
2.247398406159485162e+00
-4.691600272865973364e-01
-8.383772609409416710e-01
7.956250179880924867e-01
-6.262008491475558047e-01
-2.771977660021760048e+00
6.420106517510642874e+00
-4.042118630604481844e+00
8.069328662259294127e-01
-1.760937946041030988e-01
-2.199151971763328717e-01
-2.534838569326336888e+00
8.399362815194962195e+00
-6.630515575153978602e+00
3.364340409680908750e-01
1.464257945732345911e+00
-1.580484613278482442e+00
1.397451758476614181e+00
1.896100530753089375e+00
-3.010780621462465056e+00
1.330349451125572680e+00
1.854537947945607557e-01
-1.900137236659750206e+00
1.594252415898183450e+00
8.140828840010423395e-01
-1.524532313845907483e+00
-1.697356074270772508e+00
5.430862541413450373e+00
-4.466922899638500866e+00
1.108223825714050648e+00
7.492598339255159834e-01
-2.967475556654420643e+00
3.003077297795426759e+00
-8.410215897339552438e-01
1.459154645997289002e-01
1.585393673395812053e+00
1.947401106699979900e+00
-6.451935136877167132e+00
4.901555703100043182e+00
-6.406116740822451749e-01
-1.504996819627945293e+00
3.876876259751860232e+00
-2.816248845040255411e+00
8.006292556543827266e-02
-1.701005125345381452e-01
1.849105770773094015e+00
-3.393374755687163624e+00
4.237947681025683089e+00
-1.864396317061650876e+00
-2.688646124780183388e+00
5.895237930463381737e+00
-3.035758431422280079e+00
-2.126324917681396087e+00
3.783090538145860826e+00
-2.746381723676129205e+00
-1.096061962519719657e+00
5.767496789810391711e+00
-4.742368062047996879e+00
8.577417508355420495e-01
2.516459522872629972e-01
-2.355197260368824541e-01
-1.188853132462715401e+00
3.485044933987359261e+00
-2.388876100486656107e+00
-8.926464842476063977e-01
5.508142482998424683e+00
-6.563225681952551405e+00
3.602287606927601971e+00
-9.983983236864972799e-01
1.951071934723800283e-03
-1.454071065227950488e+00
6.541801687935419274e+00
-6.501872255402478373e+00
2.309839073121211950e+00
-2.756217392029063351e-01
-2.042953121251367965e-01
1.601994372296050795e+00
2.066709453154130127e+00
-2.850732582257810233e+00
-2.289419766416919688e-01
4.253889950239951645e+00
-5.877923735484549717e+00
3.464186861722626798e+00
-5.100095481111563966e-01
-1.819054405925471407e+00
3.168297800790953911e+00
-2.227032397564116806e-01
-7.519261967992044715e-01
-2.731555263944593470e+00
6.409770298277298828e+00
-6.911723495917513560e+00
5.009711625689533321e+00
-2.774943374719768485e+00
1.094978695344247077e+00
-4.037369433589644285e-01
5.404096500271096559e+00
-8.154425882552459370e+00
4.307784964435063202e+00
-9.468145777488271575e-01
-1.407480735841780906e+00
6.196727834772046251e+00
-2.847574691696058036e+00
-2.098548889836907710e-03
-5.486248126926791535e-01
1.293277904531168421e+00
-5.843820322646672061e+00
3.096477022944059243e+00
4.367397739570415993e+00
-6.478898730648797510e+00
3.117375535849348900e+00
-1.709064729099346591e-01
-3.387268463963545972e+00
2.247578215911165245e+00
3.035909167502027994e+00
-8.502969152068978076e+00
9.855393355462590321e+00
-3.806696017174572066e+00
-1.743015809222992818e+00
2.873193453867492586e+00
-1.029924660726171171e+00
-6.091569496800468109e+00
6.897231497749544360e+00
1.505673869828330735e+00
-8.795832313292381244e+00
1.038657485648683121e+01
-7.134070728138439677e+00
1.584458535920002242e-01
2.094241379157812055e+00
-7.132226071699192538e-01
-4.413405296773459163e+00
9.489314359985963065e+00
-4.064427796675113669e+00
-4.594752288627271142e+00
6.629347295960730690e+00
-5.907339253085486241e+00
4.999763592227718378e-02
4.799568045701922081e+00
-7.243896469143716876e-01
-7.123983893454323812e+00
1.370903018798347617e+01
-1.200419269217765539e+01
2.352465660390362423e+00
3.401246838598139810e+00
-4.011538356937575323e+00
-3.086001751625365164e-01
6.926710888358575957e+00
-3.269254646467794956e+00
-6.788743870116616286e+00
1.174304271044799108e+01
-1.199685544893088363e+01
3.687332836493844024e+00
5.626573432736239333e+00
-4.828565062558025645e+00
-1.817450697940048654e+00
6.831498101242371668e+00
-7.408858872574167975e+00
-1.194889962416699980e+00
1.311169597554397726e+01
-1.564016584414543054e+01
8.100734151740297762e+00
2.972711297664901164e-01
-1.751982253790211663e+00
-4.635010583089189673e+00
1.472978009420903334e+01
-1.510314504330346175e+01
3.581353842797934561e+00
6.985388597263634480e+00
-1.107847946318244325e+01
5.291335881116400408e+00
5.825555368929551392e+00
-6.090677931308150050e+00
-4.838388474244680992e+00
1.854550286955100447e+01
-2.346357059180119720e+01
1.028496520913348355e+01
7.042157584942563275e+00
-1.087401730420349466e+01
4.876313629465676591e+00
5.362037961850754542e+00
-7.047881222447390570e+00
-6.703432604389489846e+00
2.097979879364966393e+01
-2.279426573804756373e+01
1.398822315877990263e+01
-1.614678694935539061e-01
-4.469366901432659134e+00
-3.961522096019590933e+00
1.817624041198678952e+01
-1.735320576258717296e+01
-3.201006868890891699e+00
2.267832809795946147e+01
-2.492415760945371161e+01
1.048196687653036818e+01
9.853114336404974694e+00
-1.025015174398727780e+01
-9.790585500676602493e+00
2.609582307130390078e+01
-1.996004248840236528e+01
-9.915760724582694863e+00
3.593567617770334266e+01
-3.331716904530131274e+01
9.321907011002474874e+00
1.127795271945126743e+01
-7.093255312851710626e-01
-2.812956753456330361e+01
3.819773634918698235e+01
-8.996901199073505495e+00
-4.292224865592772431e+01
5.799145725590450695e+01
-2.220661008435434525e+01
-2.156678953325521420e+01
1.638003508564104038e+01
3.556762885531297513e+01
-3.543035576887218951e+01
-6.624138026102033905e+01
1.394456003886014344e+02
1.342218162709334308e+02
